57479727;
146806;
119987;
158819;
149321;
155117;
200095;
176699;
199258;
183543;
160426;
235296;
202261;
177466;
219093;
187733;
173765;
197930;
321899;
153232;
166362;
263580;
226705;
868477;
270565;
220768;
286070;
205962;
236483;
123689;
155746;
109511;
141918;
153651;
95054;
124038;
142128;
169086;
97010;
214412;
223702;
318058;
163219;
143524;
163149;
110210;
169995;
33386856;
6425400;
6540984;
413320;
841379;
770908;
472128;
405847;
421841;
396629;
793397;
1511925;
233270;
160076;
164476;
165943;
149879;
173974;
216020;
908769611;
20746211;
224679;
218953;
219023;
222654;
301016;
641632;
620190;
212457;
355142;
317917;
824894;
812953;
925886;
1041754;
1314622;
1206299;
1686458;
459486;
748839;
208686;
348508;
262253;
308070;
555099;
420305;
218603;
16857380;
240254;
177117;
184032;
218533;
207498;
239834;
224051;
7505483204;
71824567;
