face_user_1_1335443666855;1.05;1;40;142138814;0
face_user_1_1335443666855;1.05;2;40;34860366;0
face_user_1_1335443666855;1.05;3;40;27825046;0
face_user_1_1335443666855;1.1;1;40;25431935;0
face_user_1_1335443666855;1.1;2;40;25400854;0
face_user_1_1335443666855;1.1;3;40;25146639;0
face_user_1_1335443666855;1.15;1;40;24744346;0
face_user_1_1335443666855;1.15;2;40;25241269;0
face_user_1_1335443666855;1.15;3;40;25098514;0
face_user_1_1335443666855;1.2;1;40;24844640;0
face_user_1_1335443666855;1.2;2;40;24307840;0
face_user_1_1335443666855;1.2;3;40;24641541;0
face_user_1_1335443666855;1.25;1;40;23534906;0
face_user_1_1335443666855;1.25;2;40;24257694;0
face_user_1_1335443666855;1.25;3;40;23425744;0
face_user_1_1335443666855;1.3;1;40;23947040;0
face_user_1_1335443666855;1.3;2;40;23474700;0
face_user_1_1335443666855;1.3;3;40;25312575;0
face_user_1_1335443666855;1.35;1;40;23304992;0
face_user_1_1335443666855;1.35;2;40;24317687;0
face_user_1_1335443666855;1.35;3;40;23565148;0
face_user_1_1335443665391;1.05;1;40;33747867;1
face_user_1_1335443665391;1.05;2;40;31150465;1
face_user_1_1335443665391;1.05;3;40;31636638;1
face_user_1_1335443665391;1.1;1;40;28268609;0
face_user_1_1335443665391;1.1;2;40;26718413;0
face_user_1_1335443665391;1.1;3;40;33140666;0
face_user_1_1335443665391;1.15;1;40;25929415;0
face_user_1_1335443665391;1.15;2;40;28642190;0
face_user_1_1335443665391;1.15;3;40;25947990;0
face_user_1_1335443665391;1.2;1;40;25861739;0
face_user_1_1335443665391;1.2;2;40;25899873;0
face_user_1_1335443665391;1.2;3;40;26203614;0
face_user_1_1335443665391;1.25;1;40;25568197;0
face_user_1_1335443665391;1.25;2;40;28339216;0
face_user_1_1335443665391;1.25;3;40;27160576;0
face_user_1_1335443665391;1.3;1;40;24669273;1
face_user_1_1335443665391;1.3;2;40;26005543;0
face_user_1_1335443665391;1.3;3;40;24730168;0
face_user_1_1335443665391;1.35;1;40;24566040;0
face_user_1_1335443665391;1.35;2;40;25165281;0
face_user_1_1335443665391;1.35;3;40;24559339;0
face_user_1_1335443671131;1.05;1;40;29107194;1
face_user_1_1335443671131;1.05;2;40;34035119;0
face_user_1_1335443671131;1.05;3;40;36667304;0
face_user_1_1335443671131;1.1;1;40;30977051;0
face_user_1_1335443671131;1.1;2;40;28717550;0
face_user_1_1335443671131;1.1;3;40;26674550;0
face_user_1_1335443671131;1.15;1;40;27074113;0
face_user_1_1335443671131;1.15;2;40;26376123;0
face_user_1_1335443671131;1.15;3;40;27443572;0
face_user_1_1335443671131;1.2;1;40;29065219;0
face_user_1_1335443671131;1.2;2;40;26005402;0
face_user_1_1335443671131;1.2;3;40;26134956;0
face_user_1_1335443671131;1.25;1;40;25002271;0
face_user_1_1335443671131;1.25;2;40;24969794;0
face_user_1_1335443671131;1.25;3;40;24508357;0
face_user_1_1335443671131;1.3;1;40;25343653;0
face_user_1_1335443671131;1.3;2;40;25514069;0
face_user_1_1335443671131;1.3;3;40;25241830;0
face_user_1_1335443671131;1.35;1;40;24167807;0
face_user_1_1335443671131;1.35;2;40;24615559;0
face_user_1_1335443671131;1.35;3;40;25016588;0
face_user_1_1335443674098;1.05;1;40;29916933;0
face_user_1_1335443674098;1.05;2;40;28764205;0
face_user_1_1335443674098;1.05;3;40;28934615;0
face_user_1_1335443674098;1.1;1;40;25825001;0
face_user_1_1335443674098;1.1;2;40;25940095;0
face_user_1_1335443674098;1.1;3;40;25402468;0
face_user_1_1335443674098;1.15;1;40;25430327;0
face_user_1_1335443674098;1.15;2;40;25324522;0
face_user_1_1335443674098;1.15;3;40;25445483;0
face_user_1_1335443674098;1.2;1;40;24184851;0
face_user_1_1335443674098;1.2;2;40;24826478;0
face_user_1_1335443674098;1.2;3;40;24706073;0
face_user_1_1335443674098;1.25;1;40;24389630;0
face_user_1_1335443674098;1.25;2;40;23819715;0
face_user_1_1335443674098;1.25;3;40;24502278;0
face_user_1_1335443674098;1.3;1;40;24051386;0
face_user_1_1335443674098;1.3;2;40;24368388;0
face_user_1_1335443674098;1.3;3;40;24200356;0
face_user_1_1335443674098;1.35;1;40;24373418;0
face_user_1_1335443674098;1.35;2;40;23937824;0
face_user_1_1335443674098;1.35;3;40;24356727;0
face_user_1_1335443660475;1.05;1;40;28031076;0
face_user_1_1335443660475;1.05;2;40;27674820;0
face_user_1_1335443660475;1.05;3;40;28406126;0
face_user_1_1335443660475;1.1;1;40;24779620;0
face_user_1_1335443660475;1.1;2;40;24254896;0
face_user_1_1335443660475;1.1;3;40;24798265;0
face_user_1_1335443660475;1.15;1;40;24892830;0
face_user_1_1335443660475;1.15;2;40;24454090;0
face_user_1_1335443660475;1.15;3;40;24097823;0
face_user_1_1335443660475;1.2;1;40;24278650;0
face_user_1_1335443660475;1.2;2;40;24681419;0
face_user_1_1335443660475;1.2;3;40;24367763;0
face_user_1_1335443660475;1.25;1;40;23092601;0
face_user_1_1335443660475;1.25;2;40;23780681;0
face_user_1_1335443660475;1.25;3;40;23755043;0
face_user_1_1335443660475;1.3;1;40;24106067;0
face_user_1_1335443660475;1.3;2;40;23483356;0
face_user_1_1335443660475;1.3;3;40;23929450;0
face_user_1_1335443660475;1.35;1;40;23157691;0
face_user_1_1335443660475;1.35;2;40;24203914;0
face_user_1_1335443660475;1.35;3;40;23300103;0
face_user_1_1335443681875;1.05;1;40;28101057;0
face_user_1_1335443681875;1.05;2;40;27853404;0
face_user_1_1335443681875;1.05;3;40;29358549;0
face_user_1_1335443681875;1.1;1;40;25207538;1
face_user_1_1335443681875;1.1;2;40;25609469;0
face_user_1_1335443681875;1.1;3;40;25759490;0
face_user_1_1335443681875;1.15;1;40;25468322;0
face_user_1_1335443681875;1.15;2;40;25004648;0
face_user_1_1335443681875;1.15;3;40;25437457;0
face_user_1_1335443681875;1.2;1;40;24355047;0
face_user_1_1335443681875;1.2;2;40;24775779;0
face_user_1_1335443681875;1.2;3;40;24190644;0
face_user_1_1335443681875;1.25;1;40;24078765;0
face_user_1_1335443681875;1.25;2;40;23549850;0
face_user_1_1335443681875;1.25;3;40;24396398;0
face_user_1_1335443681875;1.3;1;40;23614736;0
face_user_1_1335443681875;1.3;2;40;24416790;0
face_user_1_1335443681875;1.3;3;40;23679550;0
face_user_1_1335443681875;1.35;1;40;24535449;0
face_user_1_1335443681875;1.35;2;40;23654130;0
face_user_1_1335443681875;1.35;3;40;24059207;0
face_user_1_1335443671875;1.05;1;40;30069601;0
face_user_1_1335443671875;1.05;2;40;30379284;0
face_user_1_1335443671875;1.05;3;40;30083852;0
face_user_1_1335443671875;1.1;1;40;25816346;0
face_user_1_1335443671875;1.1;2;40;27258421;0
face_user_1_1335443671875;1.1;3;40;25722824;0
face_user_1_1335443671875;1.15;1;40;27349425;0
face_user_1_1335443671875;1.15;2;40;25012049;0
face_user_1_1335443671875;1.15;3;40;25870121;0
face_user_1_1335443671875;1.2;1;40;24409740;0
face_user_1_1335443671875;1.2;2;40;24627363;0
face_user_1_1335443671875;1.2;3;40;24451991;0
face_user_1_1335443671875;1.25;1;40;24614512;0
face_user_1_1335443671875;1.25;2;40;24333261;0
face_user_1_1335443671875;1.25;3;40;24416517;0
face_user_1_1335443671875;1.3;1;40;24221512;0
face_user_1_1335443671875;1.3;2;40;24772078;0
face_user_1_1335443671875;1.3;3;40;24901558;0
face_user_1_1335443671875;1.35;1;40;24149578;0
face_user_1_1335443671875;1.35;2;40;23800930;0
face_user_1_1335443671875;1.35;3;40;24172211;0
face_user_1_1335443676848;1.05;1;40;26845729;0
face_user_1_1335443676848;1.05;2;40;26658278;0
face_user_1_1335443676848;1.05;3;40;26503651;0
face_user_1_1335443676848;1.1;1;40;24693921;0
face_user_1_1335443676848;1.1;2;40;25055286;0
face_user_1_1335443676848;1.1;3;40;24788066;0
face_user_1_1335443676848;1.15;1;40;23802467;0
face_user_1_1335443676848;1.15;2;40;24072193;0
face_user_1_1335443676848;1.15;3;40;24444797;0
face_user_1_1335443676848;1.2;1;40;23909678;0
face_user_1_1335443676848;1.2;2;40;23528828;0
face_user_1_1335443676848;1.2;3;40;24040697;0
face_user_1_1335443676848;1.25;1;40;23850310;0
face_user_1_1335443676848;1.25;2;40;23649306;0
face_user_1_1335443676848;1.25;3;40;23207631;0
face_user_1_1335443676848;1.3;1;40;24421891;0
face_user_1_1335443676848;1.3;2;40;23450047;0
face_user_1_1335443676848;1.3;3;40;23522054;0
face_user_1_1335443676848;1.35;1;40;23603350;0
face_user_1_1335443676848;1.35;2;40;23062016;0
face_user_1_1335443676848;1.35;3;40;23727316;0
face_user_1_1335443669056;1.05;1;40;24766837;0
face_user_1_1335443669056;1.05;2;40;24814820;0
face_user_1_1335443669056;1.05;3;40;24430199;0
face_user_1_1335443669056;1.1;1;40;23845143;0
face_user_1_1335443669056;1.1;2;40;23888164;0
face_user_1_1335443669056;1.1;3;40;24076245;0
face_user_1_1335443669056;1.15;1;40;23221596;0
face_user_1_1335443669056;1.15;2;40;23718452;0
face_user_1_1335443669056;1.15;3;40;23972252;0
face_user_1_1335443669056;1.2;1;40;23363444;0
face_user_1_1335443669056;1.2;2;40;23115298;0
face_user_1_1335443669056;1.2;3;40;23462834;0
face_user_1_1335443669056;1.25;1;40;22930915;0
face_user_1_1335443669056;1.25;2;40;23854010;0
face_user_1_1335443669056;1.25;3;40;22825945;0
face_user_1_1335443669056;1.3;1;40;23337119;0
face_user_1_1335443669056;1.3;2;40;23126822;0
face_user_1_1335443669056;1.3;3;40;23261482;0
face_user_1_1335443669056;1.35;1;40;23339769;0
face_user_1_1335443669056;1.35;2;40;22674601;0
face_user_1_1335443669056;1.35;3;40;23405281;0
face_user_1_1335443683236;1.05;1;40;42092086;0
face_user_1_1335443683236;1.05;2;40;31948475;0
face_user_1_1335443683236;1.05;3;40;32482479;0
face_user_1_1335443683236;1.1;1;40;28603919;0
face_user_1_1335443683236;1.1;2;40;26150810;0
face_user_1_1335443683236;1.1;3;40;27194099;0
face_user_1_1335443683236;1.15;1;40;25534464;0
face_user_1_1335443683236;1.15;2;40;26040743;0
face_user_1_1335443683236;1.15;3;40;25431098;0
face_user_1_1335443683236;1.2;1;40;24859307;0
face_user_1_1335443683236;1.2;2;40;24821172;0
face_user_1_1335443683236;1.2;3;40;25380464;0
face_user_1_1335443683236;1.25;1;40;23760490;0
face_user_1_1335443683236;1.25;2;40;24707262;0
face_user_1_1335443683236;1.25;3;40;24067934;0
face_user_1_1335443683236;1.3;1;40;24781641;0
face_user_1_1335443683236;1.3;2;40;24112359;0
face_user_1_1335443683236;1.3;3;40;23928178;0
face_user_1_1335443683236;1.35;1;40;23440902;0
face_user_1_1335443683236;1.35;2;40;25015195;0
face_user_1_1335443683236;1.35;3;40;23648050;0
face_user_1_1335443656155;1.05;1;40;77904809;1
face_user_1_1335443656155;1.05;2;40;82507909;0
face_user_1_1335443656155;1.05;3;40;83201849;0
face_user_1_1335443656155;1.1;1;40;51737934;0
face_user_1_1335443656155;1.1;2;40;52477552;0
face_user_1_1335443656155;1.1;3;40;51050141;0
face_user_1_1335443656155;1.15;1;40;46330052;0
face_user_1_1335443656155;1.15;2;40;47634270;0
face_user_1_1335443656155;1.15;3;40;46766911;0
face_user_1_1335443656155;1.2;1;40;42964680;0
face_user_1_1335443656155;1.2;2;40;51451657;0
face_user_1_1335443656155;1.2;3;40;42086498;0
face_user_1_1335443656155;1.25;1;40;36241408;0
face_user_1_1335443656155;1.25;2;40;35845343;0
face_user_1_1335443656155;1.25;3;40;35645452;0
face_user_1_1335443656155;1.3;1;40;36612405;0
face_user_1_1335443656155;1.3;2;40;36737080;0
face_user_1_1335443656155;1.3;3;40;36857478;0
face_user_1_1335443656155;1.35;1;40;33388532;0
face_user_1_1335443656155;1.35;2;40;33445456;0
face_user_1_1335443656155;1.35;3;40;34049442;0
face_user_1_1335443666186;1.05;1;40;29827186;0
face_user_1_1335443666186;1.05;2;40;28563196;0
face_user_1_1335443666186;1.05;3;40;28343760;0
face_user_1_1335443666186;1.1;1;40;26309210;0
face_user_1_1335443666186;1.1;2;40;25535024;0
face_user_1_1335443666186;1.1;3;40;26523551;0
face_user_1_1335443666186;1.15;1;40;25414892;0
face_user_1_1335443666186;1.15;2;40;25166404;0
face_user_1_1335443666186;1.15;3;40;25187977;0
face_user_1_1335443666186;1.2;1;40;24757268;0
face_user_1_1335443666186;1.2;2;40;24933268;0
face_user_1_1335443666186;1.2;3;40;24960220;0
face_user_1_1335443666186;1.25;1;40;25023234;0
face_user_1_1335443666186;1.25;2;40;24586364;0
face_user_1_1335443666186;1.25;3;40;24842266;0
face_user_1_1335443666186;1.3;1;40;25072670;0
face_user_1_1335443666186;1.3;2;40;25035933;0
face_user_1_1335443666186;1.3;3;40;24756293;0
face_user_1_1335443666186;1.35;1;40;23577788;0
face_user_1_1335443666186;1.35;2;40;23823977;0
face_user_1_1335443666186;1.35;3;40;23686395;0
face_user_1_1335443664700;1.05;1;40;31904616;1
face_user_1_1335443664700;1.05;2;40;30718850;0
face_user_1_1335443664700;1.05;3;40;31560159;0
face_user_1_1335443664700;1.1;1;40;26490451;0
face_user_1_1335443664700;1.1;2;40;27516348;0
face_user_1_1335443664700;1.1;3;40;27318835;0
face_user_1_1335443664700;1.15;1;40;27153593;0
face_user_1_1335443664700;1.15;2;40;25925228;0
face_user_1_1335443664700;1.15;3;40;26088091;0
face_user_1_1335443664700;1.2;1;40;25272207;0
face_user_1_1335443664700;1.2;2;40;26086982;0
face_user_1_1335443664700;1.2;3;40;25336671;0
face_user_1_1335443664700;1.25;1;40;24693853;0
face_user_1_1335443664700;1.25;2;40;25140555;0
face_user_1_1335443664700;1.25;3;40;24845133;0
face_user_1_1335443664700;1.3;1;40;24970283;0
face_user_1_1335443664700;1.3;2;40;25170379;0
face_user_1_1335443664700;1.3;3;40;25601226;0
face_user_1_1335443664700;1.35;1;40;26171274;0
face_user_1_1335443664700;1.35;2;40;24752102;0
face_user_1_1335443664700;1.35;3;40;24290942;0
face_user_1_1335443664005;1.05;1;40;31342670;1
face_user_1_1335443664005;1.05;2;40;30365316;0
face_user_1_1335443664005;1.05;3;40;34977212;0
face_user_1_1335443664005;1.1;1;40;26461117;0
face_user_1_1335443664005;1.1;2;40;26101993;0
face_user_1_1335443664005;1.1;3;40;28153505;0
face_user_1_1335443664005;1.15;1;40;26714991;0
face_user_1_1335443664005;1.15;2;40;27451609;0
face_user_1_1335443664005;1.15;3;40;26722809;0
face_user_1_1335443664005;1.2;1;40;25419293;0
face_user_1_1335443664005;1.2;2;40;25917960;0
face_user_1_1335443664005;1.2;3;40;25731834;0
face_user_1_1335443664005;1.25;1;40;25363212;0
face_user_1_1335443664005;1.25;2;40;25127151;0
face_user_1_1335443664005;1.25;3;40;24797564;0
face_user_1_1335443664005;1.3;1;40;25510437;0
face_user_1_1335443664005;1.3;2;40;25341703;0
face_user_1_1335443664005;1.3;3;40;25154597;0
face_user_1_1335443664005;1.35;1;40;25140973;0
face_user_1_1335443664005;1.35;2;40;25050256;0
face_user_1_1335443664005;1.35;3;40;25129241;0
face_user_1_1335443657517;1.05;1;40;29576738;0
face_user_1_1335443657517;1.05;2;40;29637078;0
face_user_1_1335443657517;1.05;3;40;28413669;0
face_user_1_1335443657517;1.1;1;40;25599975;0
face_user_1_1335443657517;1.1;2;40;25171355;0
face_user_1_1335443657517;1.1;3;40;25302029;0
face_user_1_1335443657517;1.15;1;40;32057571;0
face_user_1_1335443657517;1.15;2;40;28338241;0
face_user_1_1335443657517;1.15;3;40;24570933;0
face_user_1_1335443657517;1.2;1;40;24474828;0
face_user_1_1335443657517;1.2;2;40;24343738;0
face_user_1_1335443657517;1.2;3;40;24310074;0
face_user_1_1335443657517;1.25;1;40;24204827;0
face_user_1_1335443657517;1.25;2;40;23823837;0
face_user_1_1335443657517;1.25;3;40;24179052;0
face_user_1_1335443657517;1.3;1;40;24199797;0
face_user_1_1335443657517;1.3;2;40;24010524;0
face_user_1_1335443657517;1.3;3;40;25416920;0
face_user_1_1335443657517;1.35;1;40;24063956;0
face_user_1_1335443657517;1.35;2;40;23509899;0
face_user_1_1335443657517;1.35;3;40;23667189;0
face_user_1_1335443681108;1.05;1;40;29620039;0
face_user_1_1335443681108;1.05;2;40;28371345;0
face_user_1_1335443681108;1.05;3;40;31102483;0
face_user_1_1335443681108;1.1;1;40;25699919;0
face_user_1_1335443681108;1.1;2;40;25807542;0
face_user_1_1335443681108;1.1;3;40;26920530;0
face_user_1_1335443681108;1.15;1;40;25174640;0
face_user_1_1335443681108;1.15;2;40;25508341;0
face_user_1_1335443681108;1.15;3;40;25629869;0
face_user_1_1335443681108;1.2;1;40;25480610;0
face_user_1_1335443681108;1.2;2;40;24884381;0
face_user_1_1335443681108;1.2;3;40;24867196;0
face_user_1_1335443681108;1.25;1;40;24110681;0
face_user_1_1335443681108;1.25;2;40;24130512;0
face_user_1_1335443681108;1.25;3;40;23831381;0
face_user_1_1335443681108;1.3;1;40;24040765;0
face_user_1_1335443681108;1.3;2;40;24044188;0
face_user_1_1335443681108;1.3;3;40;24300092;0
face_user_1_1335443681108;1.35;1;40;23722080;0
face_user_1_1335443681108;1.35;2;40;23435870;0
face_user_1_1335443681108;1.35;3;40;23880413;0
face_user_1_1335443669667;1.05;1;40;26649198;0
face_user_1_1335443669667;1.05;2;40;26546886;0
face_user_1_1335443669667;1.05;3;40;27090803;0
face_user_1_1335443669667;1.1;1;40;24929146;0
face_user_1_1335443669667;1.1;2;40;24859589;0
face_user_1_1335443669667;1.1;3;40;24816704;0
face_user_1_1335443669667;1.15;1;40;24696646;0
face_user_1_1335443669667;1.15;2;40;24136868;0
face_user_1_1335443669667;1.15;3;40;26581523;0
face_user_1_1335443669667;1.2;1;40;27470811;0
face_user_1_1335443669667;1.2;2;40;25915167;0
face_user_1_1335443669667;1.2;3;40;24859309;0
face_user_1_1335443669667;1.25;1;40;25653331;0
face_user_1_1335443669667;1.25;2;40;25020013;0
face_user_1_1335443669667;1.25;3;40;24588667;0
face_user_1_1335443669667;1.3;1;40;23955978;0
face_user_1_1335443669667;1.3;2;40;24258601;0
face_user_1_1335443669667;1.3;3;40;23921482;0
face_user_1_1335443669667;1.35;1;40;22980503;0
face_user_1_1335443669667;1.35;2;40;23187377;0
face_user_1_1335443669667;1.35;3;40;23999701;0
face_user_1_1335443661909;1.05;1;40;32450911;0
face_user_1_1335443661909;1.05;2;40;29891236;0
face_user_1_1335443661909;1.05;3;40;29071503;0
face_user_1_1335443661909;1.1;1;40;27656660;0
face_user_1_1335443661909;1.1;2;40;25692791;0
face_user_1_1335443661909;1.1;3;40;25902454;0
face_user_1_1335443661909;1.15;1;40;26944072;0
face_user_1_1335443661909;1.15;2;40;25070088;0
face_user_1_1335443661909;1.15;3;40;24835139;0
face_user_1_1335443661909;1.2;1;40;24505281;0
face_user_1_1335443661909;1.2;2;40;24168928;0
face_user_1_1335443661909;1.2;3;40;24400305;0
face_user_1_1335443661909;1.25;1;40;23813019;0
face_user_1_1335443661909;1.25;2;40;23129615;0
face_user_1_1335443661909;1.25;3;40;23346614;0
face_user_1_1335443661909;1.3;1;40;24129258;0
face_user_1_1335443661909;1.3;2;40;23601041;0
face_user_1_1335443661909;1.3;3;40;24240029;0
face_user_1_1335443661909;1.35;1;40;23253443;0
face_user_1_1335443661909;1.35;2;40;23351085;0
face_user_1_1335443661909;1.35;3;40;23868259;0
face_user_1_1335443682512;1.05;1;40;30403586;0
face_user_1_1335443682512;1.05;2;40;30467489;0
face_user_1_1335443682512;1.05;3;40;29795062;0
face_user_1_1335443682512;1.1;1;40;26083762;0
face_user_1_1335443682512;1.1;2;40;25836176;0
face_user_1_1335443682512;1.1;3;40;26611767;0
face_user_1_1335443682512;1.15;1;40;25287433;0
face_user_1_1335443682512;1.15;2;40;25151872;0
face_user_1_1335443682512;1.15;3;40;25244202;0
face_user_1_1335443682512;1.2;1;40;24933827;0
face_user_1_1335443682512;1.2;2;40;24972518;0
face_user_1_1335443682512;1.2;3;40;25101379;0
face_user_1_1335443682512;1.25;1;40;24096150;0
face_user_1_1335443682512;1.25;2;40;24104183;0
face_user_1_1335443682512;1.25;3;40;23959262;0
face_user_1_1335443682512;1.3;1;40;24525256;0
face_user_1_1335443682512;1.3;2;40;24314195;0
face_user_1_1335443682512;1.3;3;40;24489705;0
face_user_1_1335443682512;1.35;1;40;26765694;0
face_user_1_1335443682512;1.35;2;40;28228035;0
face_user_1_1335443682512;1.35;3;40;26768555;0
face_user_1_1335443670414;1.05;1;40;31498066;1
face_user_1_1335443670414;1.05;2;40;32745367;1
face_user_1_1335443670414;1.05;3;40;35426222;0
face_user_1_1335443670414;1.1;1;40;26876671;0
face_user_1_1335443670414;1.1;2;40;26747325;0
face_user_1_1335443670414;1.1;3;40;26434717;0
face_user_1_1335443670414;1.15;1;40;25608354;0
face_user_1_1335443670414;1.15;2;40;25486764;0
face_user_1_1335443670414;1.15;3;40;26607013;0
face_user_1_1335443670414;1.2;1;40;24652993;0
face_user_1_1335443670414;1.2;2;40;24728074;0
face_user_1_1335443670414;1.2;3;40;24629462;0
face_user_1_1335443670414;1.25;1;40;24923559;0
face_user_1_1335443670414;1.25;2;40;24638606;0
face_user_1_1335443670414;1.25;3;40;24291008;0
face_user_1_1335443670414;1.3;1;40;24463306;0
face_user_1_1335443670414;1.3;2;40;24406808;0
face_user_1_1335443670414;1.3;3;40;24770748;0
face_user_1_1335443670414;1.35;1;40;24149017;0
face_user_1_1335443670414;1.35;2;40;23645813;0
face_user_1_1335443670414;1.35;3;40;23778168;0
face_user_1_1335443672599;1.05;1;40;27028506;0
face_user_1_1335443672599;1.05;2;40;26132027;0
face_user_1_1335443672599;1.05;3;40;26424866;0
face_user_1_1335443672599;1.1;1;40;24560386;0
face_user_1_1335443672599;1.1;2;40;24511075;0
face_user_1_1335443672599;1.1;3;40;24456462;0
face_user_1_1335443672599;1.15;1;40;24187014;0
face_user_1_1335443672599;1.15;2;40;23907929;0
face_user_1_1335443672599;1.15;3;40;24568209;0
face_user_1_1335443672599;1.2;1;40;23607401;0
face_user_1_1335443672599;1.2;2;40;23546150;0
face_user_1_1335443672599;1.2;3;40;23561796;0
face_user_1_1335443672599;1.25;1;40;23437129;0
face_user_1_1335443672599;1.25;2;40;23774183;0
face_user_1_1335443672599;1.25;3;40;23866093;0
face_user_1_1335443672599;1.3;1;40;23301149;0
face_user_1_1335443672599;1.3;2;40;23743522;0
face_user_1_1335443672599;1.3;3;40;24442633;0
face_user_1_1335443672599;1.35;1;40;25429908;0
face_user_1_1335443672599;1.35;2;40;24743650;0
face_user_1_1335443672599;1.35;3;40;24358335;0
face_user_1_1335443680489;1.05;1;40;30395141;0
face_user_1_1335443680489;1.05;2;40;30651241;0
face_user_1_1335443680489;1.05;3;40;29547753;0
face_user_1_1335443680489;1.1;1;40;29742397;0
face_user_1_1335443680489;1.1;2;40;26406991;0
face_user_1_1335443680489;1.1;3;40;26844896;0
face_user_1_1335443680489;1.15;1;40;25465947;0
face_user_1_1335443680489;1.15;2;40;25201318;0
face_user_1_1335443680489;1.15;3;40;25036842;0
face_user_1_1335443680489;1.2;1;40;25051580;0
face_user_1_1335443680489;1.2;2;40;24814748;0
face_user_1_1335443680489;1.2;3;40;24715154;0
face_user_1_1335443680489;1.25;1;40;24212367;0
face_user_1_1335443680489;1.25;2;40;24175071;0
face_user_1_1335443680489;1.25;3;40;24154468;0
face_user_1_1335443680489;1.3;1;40;24284373;0
face_user_1_1335443680489;1.3;2;40;23693237;0
face_user_1_1335443680489;1.3;3;40;24504722;0
face_user_1_1335443680489;1.35;1;40;23691002;0
face_user_1_1335443680489;1.35;2;40;23849192;0
face_user_1_1335443680489;1.35;3;40;23656500;0
face_user_1_1335443659721;1.05;1;40;26120361;0
face_user_1_1335443659721;1.05;2;40;25992272;0
face_user_1_1335443659721;1.05;3;40;27157291;0
face_user_1_1335443659721;1.1;1;40;24273060;0
face_user_1_1335443659721;1.1;2;40;23993553;0
face_user_1_1335443659721;1.1;3;40;24066397;0
face_user_1_1335443659721;1.15;1;40;26467543;0
face_user_1_1335443659721;1.15;2;40;23780958;0
face_user_1_1335443659721;1.15;3;40;23969664;0
face_user_1_1335443659721;1.2;1;40;23457803;0
face_user_1_1335443659721;1.2;2;40;23460246;0
face_user_1_1335443659721;1.2;3;40;24440119;0
face_user_1_1335443659721;1.25;1;40;22841522;0
face_user_1_1335443659721;1.25;2;40;22791306;0
face_user_1_1335443659721;1.25;3;40;23495656;0
face_user_1_1335443659721;1.3;1;40;24852811;0
face_user_1_1335443659721;1.3;2;40;22886291;0
face_user_1_1335443659721;1.3;3;40;23016126;0
face_user_1_1335443659721;1.35;1;40;23191916;0
face_user_1_1335443659721;1.35;2;40;25082379;0
face_user_1_1335443659721;1.35;3;40;23265879;0
face_user_1_1335443678612;1.05;1;40;26758081;0
face_user_1_1335443678612;1.05;2;40;26236925;0
face_user_1_1335443678612;1.05;3;40;28733963;0
face_user_1_1335443678612;1.1;1;40;24559337;0
face_user_1_1335443678612;1.1;2;40;25901407;0
face_user_1_1335443678612;1.1;3;40;24781293;0
face_user_1_1335443678612;1.15;1;40;25030697;0
face_user_1_1335443678612;1.15;2;40;23969807;0
face_user_1_1335443678612;1.15;3;40;23770835;0
face_user_1_1335443678612;1.2;1;40;23680868;0
face_user_1_1335443678612;1.2;2;40;23475960;0
face_user_1_1335443678612;1.2;3;40;24763631;0
face_user_1_1335443678612;1.25;1;40;24073378;0
face_user_1_1335443678612;1.25;2;40;23805755;0
face_user_1_1335443678612;1.25;3;40;24390108;0
face_user_1_1335443678612;1.3;1;40;24352818;0
face_user_1_1335443678612;1.3;2;40;24161451;0
face_user_1_1335443678612;1.3;3;40;24346113;0
face_user_1_1335443678612;1.35;1;40;23683319;0
face_user_1_1335443678612;1.35;2;40;24053827;0
face_user_1_1335443678612;1.35;3;40;24862239;0
face_user_1_1335443661189;1.05;1;40;26042837;0
face_user_1_1335443661189;1.05;2;40;25442900;0
face_user_1_1335443661189;1.05;3;40;25789942;0
face_user_1_1335443661189;1.1;1;40;23862252;0
face_user_1_1335443661189;1.1;2;40;24281090;0
face_user_1_1335443661189;1.1;3;40;24125903;0
face_user_1_1335443661189;1.15;1;40;23919522;0
face_user_1_1335443661189;1.15;2;40;23749249;0
face_user_1_1335443661189;1.15;3;40;23661598;0
face_user_1_1335443661189;1.2;1;40;23537769;0
face_user_1_1335443661189;1.2;2;40;23784239;0
face_user_1_1335443661189;1.2;3;40;24086163;0
face_user_1_1335443661189;1.25;1;40;23396690;0
face_user_1_1335443661189;1.25;2;40;23790176;0
face_user_1_1335443661189;1.25;3;40;23701897;0
face_user_1_1335443661189;1.3;1;40;23695192;0
face_user_1_1335443661189;1.3;2;40;23390893;0
face_user_1_1335443661189;1.3;3;40;23832081;0
face_user_1_1335443661189;1.35;1;40;23400881;0
face_user_1_1335443661189;1.35;2;40;24014785;0
face_user_1_1335443661189;1.35;3;40;26036201;0
