face_user_1_1335443666855;1.05;1;40;166029493;0
face_user_1_1335443666855;1.05;2;40;45731654;0
face_user_1_1335443666855;1.05;3;40;38146822;0
face_user_1_1335443666855;1.1;1;40;35334870;0
face_user_1_1335443666855;1.1;2;40;34882998;0
face_user_1_1335443666855;1.1;3;40;34973861;0
face_user_1_1335443666855;1.15;1;40;35210414;0
face_user_1_1335443666855;1.15;2;40;35358616;0
face_user_1_1335443666855;1.15;3;40;34400952;0
face_user_1_1335443666855;1.2;1;40;34135417;0
face_user_1_1335443666855;1.2;2;40;33368561;0
face_user_1_1335443666855;1.2;3;40;33257647;0
face_user_1_1335443666855;1.25;1;40;32796771;0
face_user_1_1335443666855;1.25;2;40;32722383;0
face_user_1_1335443666855;1.25;3;40;32234758;0
face_user_1_1335443666855;1.3;1;40;33302418;0
face_user_1_1335443666855;1.3;2;40;33041843;0
face_user_1_1335443666855;1.3;3;40;32669727;0
face_user_1_1335443666855;1.35;1;40;32545270;0
face_user_1_1335443666855;1.35;2;40;32515242;0
face_user_1_1335443666855;1.35;3;40;32372061;0
face_user_1_1335443665391;1.05;1;40;43216392;1
face_user_1_1335443665391;1.05;2;40;42592499;1
face_user_1_1335443665391;1.05;3;40;43431080;1
face_user_1_1335443665391;1.1;1;40;42061774;0
face_user_1_1335443665391;1.1;2;40;43624049;0
face_user_1_1335443665391;1.1;3;40;36188820;0
face_user_1_1335443665391;1.15;1;40;35851278;0
face_user_1_1335443665391;1.15;2;40;39201981;0
face_user_1_1335443665391;1.15;3;40;36995068;0
face_user_1_1335443665391;1.2;1;40;33980718;0
face_user_1_1335443665391;1.2;2;40;35229059;0
face_user_1_1335443665391;1.2;3;40;34751767;0
face_user_1_1335443665391;1.25;1;40;34956609;0
face_user_1_1335443665391;1.25;2;40;33456697;0
face_user_1_1335443665391;1.25;3;40;33814706;0
face_user_1_1335443665391;1.3;1;40;34003066;0
face_user_1_1335443665391;1.3;2;40;33917649;0
face_user_1_1335443665391;1.3;3;40;33237680;0
face_user_1_1335443665391;1.35;1;40;33337130;0
face_user_1_1335443665391;1.35;2;40;33705889;0
face_user_1_1335443665391;1.35;3;40;33143672;0
face_user_1_1335443671131;1.05;1;40;40684156;1
face_user_1_1335443671131;1.05;2;40;42111428;1
face_user_1_1335443671131;1.05;3;40;44306752;0
face_user_1_1335443671131;1.1;1;40;38299072;0
face_user_1_1335443671131;1.1;2;40;38085921;0
face_user_1_1335443671131;1.1;3;40;38983171;0
face_user_1_1335443671131;1.15;1;40;36128897;0
face_user_1_1335443671131;1.15;2;40;36442552;0
face_user_1_1335443671131;1.15;3;40;36495214;0
face_user_1_1335443671131;1.2;1;40;36059683;0
face_user_1_1335443671131;1.2;2;40;34843468;0
face_user_1_1335443671131;1.2;3;40;35421683;0
face_user_1_1335443671131;1.25;1;40;34190732;0
face_user_1_1335443671131;1.25;2;40;33734179;0
face_user_1_1335443671131;1.25;3;40;34299055;0
face_user_1_1335443671131;1.3;1;40;34248069;0
face_user_1_1335443671131;1.3;2;40;33732220;0
face_user_1_1335443671131;1.3;3;40;34342218;0
face_user_1_1335443671131;1.35;1;40;35116128;0
face_user_1_1335443671131;1.35;2;40;34179834;0
face_user_1_1335443671131;1.35;3;40;33967520;0
face_user_1_1335443674098;1.05;1;40;38589751;0
face_user_1_1335443674098;1.05;2;40;39272106;0
face_user_1_1335443674098;1.05;3;40;38821488;0
face_user_1_1335443674098;1.1;1;40;35305953;0
face_user_1_1335443674098;1.1;2;40;35976574;0
face_user_1_1335443674098;1.1;3;40;35541530;0
face_user_1_1335443674098;1.15;1;40;34540080;0
face_user_1_1335443674098;1.15;2;40;34250165;0
face_user_1_1335443674098;1.15;3;40;33810444;0
face_user_1_1335443674098;1.2;1;40;33660424;0
face_user_1_1335443674098;1.2;2;40;34210285;0
face_user_1_1335443674098;1.2;3;40;38129850;0
face_user_1_1335443674098;1.25;1;40;33485472;0
face_user_1_1335443674098;1.25;2;40;34694148;0
face_user_1_1335443674098;1.25;3;40;34193315;0
face_user_1_1335443674098;1.3;1;40;34287325;0
face_user_1_1335443674098;1.3;2;40;33034995;0
face_user_1_1335443674098;1.3;3;40;33493643;0
face_user_1_1335443674098;1.35;1;40;36144541;0
face_user_1_1335443674098;1.35;2;40;34892424;0
face_user_1_1335443674098;1.35;3;40;42126938;0
face_user_1_1335443660475;1.05;1;40;40381461;0
face_user_1_1335443660475;1.05;2;40;48206969;0
face_user_1_1335443660475;1.05;3;40;42690697;0
face_user_1_1335443660475;1.1;1;40;44074248;0
face_user_1_1335443660475;1.1;2;40;34690723;0
face_user_1_1335443660475;1.1;3;40;33995034;0
face_user_1_1335443660475;1.15;1;40;33827767;0
face_user_1_1335443660475;1.15;2;40;33605253;0
face_user_1_1335443660475;1.15;3;40;34025208;0
face_user_1_1335443660475;1.2;1;40;33230620;0
face_user_1_1335443660475;1.2;2;40;32945667;0
face_user_1_1335443660475;1.2;3;40;33230834;0
face_user_1_1335443660475;1.25;1;40;32832598;0
face_user_1_1335443660475;1.25;2;40;32667700;0
face_user_1_1335443660475;1.25;3;40;32594576;0
face_user_1_1335443660475;1.3;1;40;32718619;0
face_user_1_1335443660475;1.3;2;40;32885327;0
face_user_1_1335443660475;1.3;3;40;33278742;0
face_user_1_1335443660475;1.35;1;40;32841676;0
face_user_1_1335443660475;1.35;2;40;32136349;0
face_user_1_1335443660475;1.35;3;40;32536890;0
face_user_1_1335443681875;1.05;1;40;38779650;1
face_user_1_1335443681875;1.05;2;40;39347675;1
face_user_1_1335443681875;1.05;3;40;39526390;0
face_user_1_1335443681875;1.1;1;40;34412202;0
face_user_1_1335443681875;1.1;2;40;34738845;0
face_user_1_1335443681875;1.1;3;40;34941038;0
face_user_1_1335443681875;1.15;1;40;34728507;0
face_user_1_1335443681875;1.15;2;40;38382605;0
face_user_1_1335443681875;1.15;3;40;34655734;0
face_user_1_1335443681875;1.2;1;40;33705542;0
face_user_1_1335443681875;1.2;2;40;32722455;0
face_user_1_1335443681875;1.2;3;40;35572329;0
face_user_1_1335443681875;1.25;1;40;33805068;0
face_user_1_1335443681875;1.25;2;40;32476058;0
face_user_1_1335443681875;1.25;3;40;32925137;0
face_user_1_1335443681875;1.3;1;40;32969344;0
face_user_1_1335443681875;1.3;2;40;32613852;0
face_user_1_1335443681875;1.3;3;40;33330710;0
face_user_1_1335443681875;1.35;1;40;32988690;0
face_user_1_1335443681875;1.35;2;40;32621884;0
face_user_1_1335443681875;1.35;3;40;33179848;0
face_user_1_1335443671875;1.05;1;40;40678009;0
face_user_1_1335443671875;1.05;2;40;41177232;0
face_user_1_1335443671875;1.05;3;40;39312053;0
face_user_1_1335443671875;1.1;1;40;35546069;0
face_user_1_1335443671875;1.1;2;40;35806790;0
face_user_1_1335443671875;1.1;3;40;37078388;0
face_user_1_1335443671875;1.15;1;40;34372596;0
face_user_1_1335443671875;1.15;2;40;34582193;0
face_user_1_1335443671875;1.15;3;40;34866584;0
face_user_1_1335443671875;1.2;1;40;34466956;0
face_user_1_1335443671875;1.2;2;40;34718590;0
face_user_1_1335443671875;1.2;3;40;34781588;0
face_user_1_1335443671875;1.25;1;40;32940848;0
face_user_1_1335443671875;1.25;2;40;33187669;0
face_user_1_1335443671875;1.25;3;40;33425413;0
face_user_1_1335443671875;1.3;1;40;32829105;0
face_user_1_1335443671875;1.3;2;40;32509160;0
face_user_1_1335443671875;1.3;3;40;33032762;0
face_user_1_1335443671875;1.35;1;40;32602331;0
face_user_1_1335443671875;1.35;2;40;32268770;0
face_user_1_1335443671875;1.35;3;40;32942875;0
face_user_1_1335443676848;1.05;1;40;35436210;0
face_user_1_1335443676848;1.05;2;40;35516319;0
face_user_1_1335443676848;1.05;3;40;35375028;0
face_user_1_1335443676848;1.1;1;40;32992815;0
face_user_1_1335443676848;1.1;2;40;33522211;0
face_user_1_1335443676848;1.1;3;40;33716649;0
face_user_1_1335443676848;1.15;1;40;32871426;0
face_user_1_1335443676848;1.15;2;40;32748576;0
face_user_1_1335443676848;1.15;3;40;33297045;0
face_user_1_1335443676848;1.2;1;40;32231403;0
face_user_1_1335443676848;1.2;2;40;32324919;0
face_user_1_1335443676848;1.2;3;40;32864725;0
face_user_1_1335443676848;1.25;1;40;32824428;0
face_user_1_1335443676848;1.25;2;40;32369897;0
face_user_1_1335443676848;1.25;3;40;32180628;0
face_user_1_1335443676848;1.3;1;40;31921519;0
face_user_1_1335443676848;1.3;2;40;31939886;0
face_user_1_1335443676848;1.3;3;40;31868925;0
face_user_1_1335443676848;1.35;1;40;31654586;0
face_user_1_1335443676848;1.35;2;40;32093327;0
face_user_1_1335443676848;1.35;3;40;31992893;0
face_user_1_1335443669056;1.05;1;40;33553222;0
face_user_1_1335443669056;1.05;2;40;32892941;0
face_user_1_1335443669056;1.05;3;40;32690538;0
face_user_1_1335443669056;1.1;1;40;32357955;0
face_user_1_1335443669056;1.1;2;40;32102826;0
face_user_1_1335443669056;1.1;3;40;31820876;0
face_user_1_1335443669056;1.15;1;40;31534176;0
face_user_1_1335443669056;1.15;2;40;31511202;0
face_user_1_1335443669056;1.15;3;40;31801738;0
face_user_1_1335443669056;1.2;1;40;31825695;0
face_user_1_1335443669056;1.2;2;40;31558274;0
face_user_1_1335443669056;1.2;3;40;31732524;0
face_user_1_1335443669056;1.25;1;40;31165347;0
face_user_1_1335443669056;1.25;2;40;30947441;0
face_user_1_1335443669056;1.25;3;40;31138454;0
face_user_1_1335443669056;1.3;1;40;30881237;0
face_user_1_1335443669056;1.3;2;40;31213952;0
face_user_1_1335443669056;1.3;3;40;31049897;0
face_user_1_1335443669056;1.35;1;40;30905818;0
face_user_1_1335443669056;1.35;2;40;31488570;0
face_user_1_1335443669056;1.35;3;40;31049831;0
face_user_1_1335443683236;1.05;1;40;40475187;1
face_user_1_1335443683236;1.05;2;40;40309737;0
face_user_1_1335443683236;1.05;3;40;40829909;0
face_user_1_1335443683236;1.1;1;40;35877888;0
face_user_1_1335443683236;1.1;2;40;35529796;0
face_user_1_1335443683236;1.1;3;40;35561577;0
face_user_1_1335443683236;1.15;1;40;34577442;0
face_user_1_1335443683236;1.15;2;40;34484415;0
face_user_1_1335443683236;1.15;3;40;34469256;0
face_user_1_1335443683236;1.2;1;40;37782949;0
face_user_1_1335443683236;1.2;2;40;36132387;0
face_user_1_1335443683236;1.2;3;40;33872882;0
face_user_1_1335443683236;1.25;1;40;33137591;0
face_user_1_1335443683236;1.25;2;40;34733748;0
face_user_1_1335443683236;1.25;3;40;33119433;0
face_user_1_1335443683236;1.3;1;40;32979478;0
face_user_1_1335443683236;1.3;2;40;32902645;0
face_user_1_1335443683236;1.3;3;40;32974652;0
face_user_1_1335443683236;1.35;1;40;33199964;0
face_user_1_1335443683236;1.35;2;40;33794032;0
face_user_1_1335443683236;1.35;3;40;33165672;0
face_user_1_1335443656155;1.05;1;40;106547905;1
face_user_1_1335443656155;1.05;2;40;104427807;0
face_user_1_1335443656155;1.05;3;40;104092843;0
face_user_1_1335443656155;1.1;1;40;70972712;0
face_user_1_1335443656155;1.1;2;40;68707412;0
face_user_1_1335443656155;1.1;3;40;70836733;0
face_user_1_1335443656155;1.15;1;40;58709911;0
face_user_1_1335443656155;1.15;2;40;58849104;0
face_user_1_1335443656155;1.15;3;40;58498359;0
face_user_1_1335443656155;1.2;1;40;53604230;0
face_user_1_1335443656155;1.2;2;40;53157042;0
face_user_1_1335443656155;1.2;3;40;53428652;0
face_user_1_1335443656155;1.25;1;40;48265006;0
face_user_1_1335443656155;1.25;2;40;48074897;0
face_user_1_1335443656155;1.25;3;40;50095057;0
face_user_1_1335443656155;1.3;1;40;48539623;0
face_user_1_1335443656155;1.3;2;40;48348536;0
face_user_1_1335443656155;1.3;3;40;48409508;0
face_user_1_1335443656155;1.35;1;40;46915183;0
face_user_1_1335443656155;1.35;2;40;45173064;0
face_user_1_1335443656155;1.35;3;40;45405987;0
face_user_1_1335443666186;1.05;1;40;39206869;0
face_user_1_1335443666186;1.05;2;40;38726851;0
face_user_1_1335443666186;1.05;3;40;38923667;0
face_user_1_1335443666186;1.1;1;40;34764267;0
face_user_1_1335443666186;1.1;2;40;35055085;0
face_user_1_1335443666186;1.1;3;40;34671308;0
face_user_1_1335443666186;1.15;1;40;33569005;0
face_user_1_1335443666186;1.15;2;40;33974082;0
face_user_1_1335443666186;1.15;3;40;33596804;0
face_user_1_1335443666186;1.2;1;40;32954048;0
face_user_1_1335443666186;1.2;2;40;33009922;0
face_user_1_1335443666186;1.2;3;40;33109519;0
face_user_1_1335443666186;1.25;1;40;32513145;0
face_user_1_1335443666186;1.25;2;40;32802145;0
face_user_1_1335443666186;1.25;3;40;32506508;0
face_user_1_1335443666186;1.3;1;40;32510978;0
face_user_1_1335443666186;1.3;2;40;33073481;0
face_user_1_1335443666186;1.3;3;40;32608963;0
face_user_1_1335443666186;1.35;1;40;31869833;0
face_user_1_1335443666186;1.35;2;40;32367110;0
face_user_1_1335443666186;1.35;3;40;32085153;0
face_user_1_1335443664700;1.05;1;40;42861455;1
face_user_1_1335443664700;1.05;2;40;40260638;0
face_user_1_1335443664700;1.05;3;40;40560606;0
face_user_1_1335443664700;1.1;1;40;36016520;0
face_user_1_1335443664700;1.1;2;40;36182605;0
face_user_1_1335443664700;1.1;3;40;36199224;0
face_user_1_1335443664700;1.15;1;40;34232848;0
face_user_1_1335443664700;1.15;2;40;35539784;0
face_user_1_1335443664700;1.15;3;40;34327828;0
face_user_1_1335443664700;1.2;1;40;33894463;0
face_user_1_1335443664700;1.2;2;40;33944608;0
face_user_1_1335443664700;1.2;3;40;33416890;0
face_user_1_1335443664700;1.25;1;40;35135892;0
face_user_1_1335443664700;1.25;2;40;32854113;0
face_user_1_1335443664700;1.25;3;40;32802842;0
face_user_1_1335443664700;1.3;1;40;33059649;0
face_user_1_1335443664700;1.3;2;40;33249062;0
face_user_1_1335443664700;1.3;3;40;32924301;0
face_user_1_1335443664700;1.35;1;40;32718195;0
face_user_1_1335443664700;1.35;2;40;33258069;0
face_user_1_1335443664700;1.35;3;40;32935402;0
face_user_1_1335443664005;1.05;1;40;41680583;1
face_user_1_1335443664005;1.05;2;40;39990001;0
face_user_1_1335443664005;1.05;3;40;39746462;0
face_user_1_1335443664005;1.1;1;40;35553405;0
face_user_1_1335443664005;1.1;2;40;35355822;0
face_user_1_1335443664005;1.1;3;40;35140154;0
face_user_1_1335443664005;1.15;1;40;39038064;0
face_user_1_1335443664005;1.15;2;40;33767842;0
face_user_1_1335443664005;1.15;3;40;34178645;0
face_user_1_1335443664005;1.2;1;40;33722589;0
face_user_1_1335443664005;1.2;2;40;33241238;0
face_user_1_1335443664005;1.2;3;40;33451040;0
face_user_1_1335443664005;1.25;1;40;33045403;0
face_user_1_1335443664005;1.25;2;40;32523479;0
face_user_1_1335443664005;1.25;3;40;32769672;0
face_user_1_1335443664005;1.3;1;40;33561530;0
face_user_1_1335443664005;1.3;2;40;32857949;0
face_user_1_1335443664005;1.3;3;40;33176005;0
face_user_1_1335443664005;1.35;1;40;33139414;0
face_user_1_1335443664005;1.35;2;40;32744106;0
face_user_1_1335443664005;1.35;3;40;32448607;0
face_user_1_1335443657517;1.05;1;40;37911805;1
face_user_1_1335443657517;1.05;2;40;38303965;0
face_user_1_1335443657517;1.05;3;40;37930661;0
face_user_1_1335443657517;1.1;1;40;34858904;0
face_user_1_1335443657517;1.1;2;40;34697497;0
face_user_1_1335443657517;1.1;3;40;34730185;0
face_user_1_1335443657517;1.15;1;40;34015637;0
face_user_1_1335443657517;1.15;2;40;34471352;0
face_user_1_1335443657517;1.15;3;40;36476707;0
face_user_1_1335443657517;1.2;1;40;33342715;0
face_user_1_1335443657517;1.2;2;40;33510970;0
face_user_1_1335443657517;1.2;3;40;33175307;0
face_user_1_1335443657517;1.25;1;40;33861009;0
face_user_1_1335443657517;1.25;2;40;32485415;0
face_user_1_1335443657517;1.25;3;40;32894337;0
face_user_1_1335443657517;1.3;1;40;32993514;0
face_user_1_1335443657517;1.3;2;40;32691655;0
face_user_1_1335443657517;1.3;3;40;32638087;0
face_user_1_1335443657517;1.35;1;40;32851318;0
face_user_1_1335443657517;1.35;2;40;32405866;0
face_user_1_1335443657517;1.35;3;40;32283921;0
face_user_1_1335443681108;1.05;1;40;37864663;0
face_user_1_1335443681108;1.05;2;40;37940021;0
face_user_1_1335443681108;1.05;3;40;37819473;0
face_user_1_1335443681108;1.1;1;40;34657411;0
face_user_1_1335443681108;1.1;2;40;34943968;0
face_user_1_1335443681108;1.1;3;40;34764546;0
face_user_1_1335443681108;1.15;1;40;33927008;0
face_user_1_1335443681108;1.15;2;40;33425201;0
face_user_1_1335443681108;1.15;3;40;33273784;0
face_user_1_1335443681108;1.2;1;40;33247876;0
face_user_1_1335443681108;1.2;2;40;33028081;0
face_user_1_1335443681108;1.2;3;40;33677814;0
face_user_1_1335443681108;1.25;1;40;32249215;0
face_user_1_1335443681108;1.25;2;40;32211988;0
face_user_1_1335443681108;1.25;3;40;32436804;0
face_user_1_1335443681108;1.3;1;40;32503296;0
face_user_1_1335443681108;1.3;2;40;32602053;0
face_user_1_1335443681108;1.3;3;40;32839092;0
face_user_1_1335443681108;1.35;1;40;32460970;0
face_user_1_1335443681108;1.35;2;40;32314723;0
face_user_1_1335443681108;1.35;3;40;32174206;0
face_user_1_1335443669667;1.05;1;40;36000527;0
face_user_1_1335443669667;1.05;2;40;35793450;0
face_user_1_1335443669667;1.05;3;40;35594749;0
face_user_1_1335443669667;1.1;1;40;33299206;0
face_user_1_1335443669667;1.1;2;40;33372749;0
face_user_1_1335443669667;1.1;3;40;33321345;0
face_user_1_1335443669667;1.15;1;40;32771281;0
face_user_1_1335443669667;1.15;2;40;33086537;0
face_user_1_1335443669667;1.15;3;40;33904449;0
face_user_1_1335443669667;1.2;1;40;32980243;0
face_user_1_1335443669667;1.2;2;40;32302294;0
face_user_1_1335443669667;1.2;3;40;32547923;0
face_user_1_1335443669667;1.25;1;40;32041923;0
face_user_1_1335443669667;1.25;2;40;33014324;0
face_user_1_1335443669667;1.25;3;40;32102199;0
face_user_1_1335443669667;1.3;1;40;33070753;0
face_user_1_1335443669667;1.3;2;40;32726436;0
face_user_1_1335443669667;1.3;3;40;32039065;0
face_user_1_1335443669667;1.35;1;40;31783998;0
face_user_1_1335443669667;1.35;2;40;32307877;0
face_user_1_1335443669667;1.35;3;40;32520271;0
face_user_1_1335443661909;1.05;1;40;36410706;1
face_user_1_1335443661909;1.05;2;40;34834596;0
face_user_1_1335443661909;1.05;3;40;34647355;0
face_user_1_1335443661909;1.1;1;40;32869751;0
face_user_1_1335443661909;1.1;2;40;32875547;0
face_user_1_1335443661909;1.1;3;40;32519920;0
face_user_1_1335443661909;1.15;1;40;32327296;0
face_user_1_1335443661909;1.15;2;40;33004196;0
face_user_1_1335443661909;1.15;3;40;32201650;0
face_user_1_1335443661909;1.2;1;40;32457900;0
face_user_1_1335443661909;1.2;2;40;33363042;0
face_user_1_1335443661909;1.2;3;40;32377369;0
face_user_1_1335443661909;1.25;1;40;31600387;0
face_user_1_1335443661909;1.25;2;40;31903432;0
face_user_1_1335443661909;1.25;3;40;31803273;0
face_user_1_1335443661909;1.3;1;40;31642082;0
face_user_1_1335443661909;1.3;2;40;32012174;0
face_user_1_1335443661909;1.3;3;40;31739090;0
face_user_1_1335443661909;1.35;1;40;31749638;0
face_user_1_1335443661909;1.35;2;40;31839805;0
face_user_1_1335443661909;1.35;3;40;32141725;0
face_user_1_1335443682512;1.05;1;40;40259034;1
face_user_1_1335443682512;1.05;2;40;42046335;1
face_user_1_1335443682512;1.05;3;40;40393896;0
face_user_1_1335443682512;1.1;1;40;35541601;0
face_user_1_1335443682512;1.1;2;40;35806717;0
face_user_1_1335443682512;1.1;3;40;35803157;0
face_user_1_1335443682512;1.15;1;40;34200018;0
face_user_1_1335443682512;1.15;2;40;34527085;0
face_user_1_1335443682512;1.15;3;40;35440400;0
face_user_1_1335443682512;1.2;1;40;36521405;0
face_user_1_1335443682512;1.2;2;40;33898724;0
face_user_1_1335443682512;1.2;3;40;34384049;0
face_user_1_1335443682512;1.25;1;40;32937223;0
face_user_1_1335443682512;1.25;2;40;34136187;0
face_user_1_1335443682512;1.25;3;40;32992392;0
face_user_1_1335443682512;1.3;1;40;33193535;0
face_user_1_1335443682512;1.3;2;40;33152262;0
face_user_1_1335443682512;1.3;3;40;33311570;0
face_user_1_1335443682512;1.35;1;40;32476407;0
face_user_1_1335443682512;1.35;2;40;32421580;0
face_user_1_1335443682512;1.35;3;40;32789644;0
face_user_1_1335443670414;1.05;1;40;40374480;1
face_user_1_1335443670414;1.05;2;40;41112352;1
face_user_1_1335443670414;1.05;3;40;40502005;0
face_user_1_1335443670414;1.1;1;40;35365602;0
face_user_1_1335443670414;1.1;2;40;35157262;0
face_user_1_1335443670414;1.1;3;40;35333266;0
face_user_1_1335443670414;1.15;1;40;34196596;0
face_user_1_1335443670414;1.15;2;40;34173274;0
face_user_1_1335443670414;1.15;3;40;34507462;0
face_user_1_1335443670414;1.2;1;40;33917371;1
face_user_1_1335443670414;1.2;2;40;33257859;0
face_user_1_1335443670414;1.2;3;40;33079763;0
face_user_1_1335443670414;1.25;1;40;32977800;0
face_user_1_1335443670414;1.25;2;40;33114057;0
face_user_1_1335443670414;1.25;3;40;33105116;0
face_user_1_1335443670414;1.3;1;40;32998958;0
face_user_1_1335443670414;1.3;2;40;32785803;0
face_user_1_1335443670414;1.3;3;40;32606245;0
face_user_1_1335443670414;1.35;1;40;32976188;1
face_user_1_1335443670414;1.35;2;40;32814017;0
face_user_1_1335443670414;1.35;3;40;32818911;0
face_user_1_1335443672599;1.05;1;40;35272222;0
face_user_1_1335443672599;1.05;2;40;34975121;0
face_user_1_1335443672599;1.05;3;40;35611092;0
face_user_1_1335443672599;1.1;1;40;33126141;0
face_user_1_1335443672599;1.1;2;40;33033947;0
face_user_1_1335443672599;1.1;3;40;33219795;0
face_user_1_1335443672599;1.15;1;40;32582428;0
face_user_1_1335443672599;1.15;2;40;32444140;0
face_user_1_1335443672599;1.15;3;40;33303534;0
face_user_1_1335443672599;1.2;1;40;32129224;0
face_user_1_1335443672599;1.2;2;40;32070005;0
face_user_1_1335443672599;1.2;3;40;32502454;0
face_user_1_1335443672599;1.25;1;40;31467267;0
face_user_1_1335443672599;1.25;2;40;33267503;0
face_user_1_1335443672599;1.25;3;40;31971313;0
face_user_1_1335443672599;1.3;1;40;31956435;0
face_user_1_1335443672599;1.3;2;40;32353349;0
face_user_1_1335443672599;1.3;3;40;31633980;0
face_user_1_1335443672599;1.35;1;40;31892811;0
face_user_1_1335443672599;1.35;2;40;31994294;0
face_user_1_1335443672599;1.35;3;40;31626436;0
face_user_1_1335443680489;1.05;1;40;38204302;0
face_user_1_1335443680489;1.05;2;40;38453141;0
face_user_1_1335443680489;1.05;3;40;38379393;0
face_user_1_1335443680489;1.1;1;40;34542309;0
face_user_1_1335443680489;1.1;2;40;34475618;0
face_user_1_1335443680489;1.1;3;40;34617180;0
face_user_1_1335443680489;1.15;1;40;33596238;0
face_user_1_1335443680489;1.15;2;40;34054822;0
face_user_1_1335443680489;1.15;3;40;33600917;0
face_user_1_1335443680489;1.2;1;40;32784202;0
face_user_1_1335443680489;1.2;2;40;33282583;0
face_user_1_1335443680489;1.2;3;40;33394398;0
face_user_1_1335443680489;1.25;1;40;32536752;0
face_user_1_1335443680489;1.25;2;40;32571181;0
face_user_1_1335443680489;1.25;3;40;32417108;0
face_user_1_1335443680489;1.3;1;40;32387434;0
face_user_1_1335443680489;1.3;2;40;32541844;0
face_user_1_1335443680489;1.3;3;40;33079553;0
face_user_1_1335443680489;1.35;1;40;32490517;0
face_user_1_1335443680489;1.35;2;40;33997620;0
face_user_1_1335443680489;1.35;3;40;34137441;0
face_user_1_1335443659721;1.05;1;40;36132317;0
face_user_1_1335443659721;1.05;2;40;36019735;0
face_user_1_1335443659721;1.05;3;40;35690919;0
face_user_1_1335443659721;1.1;1;40;33318551;0
face_user_1_1335443659721;1.1;2;40;33349636;0
face_user_1_1335443659721;1.1;3;40;33589467;0
face_user_1_1335443659721;1.15;1;40;33172512;0
face_user_1_1335443659721;1.15;2;40;33160712;0
face_user_1_1335443659721;1.15;3;40;35985512;0
face_user_1_1335443659721;1.2;1;40;34825099;0
face_user_1_1335443659721;1.2;2;40;32737404;0
face_user_1_1335443659721;1.2;3;40;32618605;0
face_user_1_1335443659721;1.25;1;40;32685721;0
face_user_1_1335443659721;1.25;2;40;33114826;0
face_user_1_1335443659721;1.25;3;40;31878494;0
face_user_1_1335443659721;1.3;1;40;31973199;0
face_user_1_1335443659721;1.3;2;40;32028093;0
face_user_1_1335443659721;1.3;3;40;31992969;0
face_user_1_1335443659721;1.35;1;40;31832329;0
face_user_1_1335443659721;1.35;2;40;32174274;0
face_user_1_1335443659721;1.35;3;40;32196694;0
face_user_1_1335443678612;1.05;1;40;35958971;0
face_user_1_1335443678612;1.05;2;40;36335907;0
face_user_1_1335443678612;1.05;3;40;36444507;0
face_user_1_1335443678612;1.1;1;40;33684664;0
face_user_1_1335443678612;1.1;2;40;33886849;0
face_user_1_1335443678612;1.1;3;40;33429742;0
face_user_1_1335443678612;1.15;1;40;33027523;0
face_user_1_1335443678612;1.15;2;40;33248293;0
face_user_1_1335443678612;1.15;3;40;32654847;0
face_user_1_1335443678612;1.2;1;40;32636418;0
face_user_1_1335443678612;1.2;2;40;32950767;0
face_user_1_1335443678612;1.2;3;40;32848589;0
face_user_1_1335443678612;1.25;1;40;32008541;0
face_user_1_1335443678612;1.25;2;40;32174203;0
face_user_1_1335443678612;1.25;3;40;32690958;0
face_user_1_1335443678612;1.3;1;40;32242302;0
face_user_1_1335443678612;1.3;2;40;32221136;0
face_user_1_1335443678612;1.3;3;40;32005322;0
face_user_1_1335443678612;1.35;1;40;31783795;0
face_user_1_1335443678612;1.35;2;40;31855866;0
face_user_1_1335443678612;1.35;3;40;31689780;0
face_user_1_1335443661189;1.05;1;40;34001116;0
face_user_1_1335443661189;1.05;2;40;34272512;0
face_user_1_1335443661189;1.05;3;40;34262879;0
face_user_1_1335443661189;1.1;1;40;32270095;0
face_user_1_1335443661189;1.1;2;40;32378067;0
face_user_1_1335443661189;1.1;3;40;32638650;0
face_user_1_1335443661189;1.15;1;40;31956997;0
face_user_1_1335443661189;1.15;2;40;32085433;0
face_user_1_1335443661189;1.15;3;40;32118754;0
face_user_1_1335443661189;1.2;1;40;33257580;0
face_user_1_1335443661189;1.2;2;40;32268278;0
face_user_1_1335443661189;1.2;3;40;31789168;0
face_user_1_1335443661189;1.25;1;40;32119379;0
face_user_1_1335443661189;1.25;2;40;32029908;0
face_user_1_1335443661189;1.25;3;40;32826526;0
face_user_1_1335443661189;1.3;1;40;31778271;0
face_user_1_1335443661189;1.3;2;40;31650184;0
face_user_1_1335443661189;1.3;3;40;31547938;0
face_user_1_1335443661189;1.35;1;40;31628602;0
face_user_1_1335443661189;1.35;2;40;31795035;0
face_user_1_1335443661189;1.35;3;40;31261028;0
