face_user_1_1335443666855;1.05;1;40;245979879;0
face_user_1_1335443666855;1.05;2;40;129560122;0
face_user_1_1335443666855;1.05;3;40;105112463;0
face_user_1_1335443666855;1.1;1;40;97090558;0
face_user_1_1335443666855;1.1;2;40;98559880;0
face_user_1_1335443666855;1.1;3;40;107950947;0
face_user_1_1335443666855;1.15;1;40;116423674;0
face_user_1_1335443666855;1.15;2;40;112446914;0
face_user_1_1335443666855;1.15;3;40;122595962;0
face_user_1_1335443666855;1.2;1;40;107495722;0
face_user_1_1335443666855;1.2;2;40;103799517;0
face_user_1_1335443666855;1.2;3;40;96193172;0
face_user_1_1335443666855;1.25;1;40;91608082;0
face_user_1_1335443666855;1.25;2;40;91860987;0
face_user_1_1335443666855;1.25;3;40;98261871;0
face_user_1_1335443666855;1.3;1;40;92243504;0
face_user_1_1335443666855;1.3;2;40;91964412;0
face_user_1_1335443666855;1.3;3;40;92403926;0
face_user_1_1335443666855;1.35;1;40;91871319;0
face_user_1_1335443666855;1.35;2;40;91981671;0
face_user_1_1335443666855;1.35;3;40;92212636;0
face_user_1_1335443665391;1.05;1;40;110975353;0
face_user_1_1335443665391;1.05;2;40;110757935;0
face_user_1_1335443665391;1.05;3;40;113154759;0
face_user_1_1335443665391;1.1;1;40;99698427;0
face_user_1_1335443665391;1.1;2;40;101631224;0
face_user_1_1335443665391;1.1;3;40;101848427;0
face_user_1_1335443665391;1.15;1;40;97633856;0
face_user_1_1335443665391;1.15;2;40;98477255;0
face_user_1_1335443665391;1.15;3;40;98479076;0
face_user_1_1335443665391;1.2;1;40;98979971;0
face_user_1_1335443665391;1.2;2;40;99323521;0
face_user_1_1335443665391;1.2;3;40;100735641;0
face_user_1_1335443665391;1.25;1;40;95838313;0
face_user_1_1335443665391;1.25;2;40;97095031;0
face_user_1_1335443665391;1.25;3;40;97824100;0
face_user_1_1335443665391;1.3;1;40;94467388;0
face_user_1_1335443665391;1.3;2;40;94073834;0
face_user_1_1335443665391;1.3;3;40;94977021;0
face_user_1_1335443665391;1.35;1;40;94667139;0
face_user_1_1335443665391;1.35;2;40;93778545;0
face_user_1_1335443665391;1.35;3;40;93462301;0
face_user_1_1335443671131;1.05;1;40;115548991;0
face_user_1_1335443671131;1.05;2;40;117576187;0
face_user_1_1335443671131;1.05;3;40;117545878;0
face_user_1_1335443671131;1.1;1;40;102127868;0
face_user_1_1335443671131;1.1;2;40;100795499;0
face_user_1_1335443671131;1.1;3;40;100339367;0
face_user_1_1335443671131;1.15;1;40;95763085;0
face_user_1_1335443671131;1.15;2;40;96420149;0
face_user_1_1335443671131;1.15;3;40;96051251;0
face_user_1_1335443671131;1.2;1;40;95157355;0
face_user_1_1335443671131;1.2;2;40;96262311;0
face_user_1_1335443671131;1.2;3;40;95825874;0
face_user_1_1335443671131;1.25;1;40;95049797;0
face_user_1_1335443671131;1.25;2;40;92455750;0
face_user_1_1335443671131;1.25;3;40;92579859;0
face_user_1_1335443671131;1.3;1;40;93654848;0
face_user_1_1335443671131;1.3;2;40;92867399;0
face_user_1_1335443671131;1.3;3;40;92809920;0
face_user_1_1335443671131;1.35;1;40;91272644;0
face_user_1_1335443671131;1.35;2;40;91478175;0
face_user_1_1335443671131;1.35;3;40;91545930;0
face_user_1_1335443674098;1.05;1;40;108734016;0
face_user_1_1335443674098;1.05;2;40;109170231;0
face_user_1_1335443674098;1.05;3;40;109193147;0
face_user_1_1335443674098;1.1;1;40;98384856;0
face_user_1_1335443674098;1.1;2;40;97884722;0
face_user_1_1335443674098;1.1;3;40;98343028;0
face_user_1_1335443674098;1.15;1;40;96118366;0
face_user_1_1335443674098;1.15;2;40;96104126;0
face_user_1_1335443674098;1.15;3;40;96334660;0
face_user_1_1335443674098;1.2;1;40;93801035;0
face_user_1_1335443674098;1.2;2;40;94795090;0
face_user_1_1335443674098;1.2;3;40;95910931;0
face_user_1_1335443674098;1.25;1;40;93104790;0
face_user_1_1335443674098;1.25;2;40;92675330;0
face_user_1_1335443674098;1.25;3;40;92473777;0
face_user_1_1335443674098;1.3;1;40;91466865;0
face_user_1_1335443674098;1.3;2;40;91237580;0
face_user_1_1335443674098;1.3;3;40;91331169;0
face_user_1_1335443674098;1.35;1;40;92163184;0
face_user_1_1335443674098;1.35;2;40;91594749;0
face_user_1_1335443674098;1.35;3;40;92684902;0
face_user_1_1335443660475;1.05;1;40;106027310;0
face_user_1_1335443660475;1.05;2;40;106966258;0
face_user_1_1335443660475;1.05;3;40;105574179;0
face_user_1_1335443660475;1.1;1;40;100360527;0
face_user_1_1335443660475;1.1;2;40;102345139;0
face_user_1_1335443660475;1.1;3;40;98893928;0
face_user_1_1335443660475;1.15;1;40;94811706;0
face_user_1_1335443660475;1.15;2;40;95042255;0
face_user_1_1335443660475;1.15;3;40;94416551;0
face_user_1_1335443660475;1.2;1;40;93213383;0
face_user_1_1335443660475;1.2;2;40;95238373;0
face_user_1_1335443660475;1.2;3;40;96274046;0
face_user_1_1335443660475;1.25;1;40;91278642;0
face_user_1_1335443660475;1.25;2;40;90621862;0
face_user_1_1335443660475;1.25;3;40;93554912;0
face_user_1_1335443660475;1.3;1;40;92911883;0
face_user_1_1335443660475;1.3;2;40;92429004;0
face_user_1_1335443660475;1.3;3;40;92090132;0
face_user_1_1335443660475;1.35;1;40;92272488;0
face_user_1_1335443660475;1.35;2;40;91166686;0
face_user_1_1335443660475;1.35;3;40;91170956;0
face_user_1_1335443681875;1.05;1;40;103741397;0
face_user_1_1335443681875;1.05;2;40;103937596;0
face_user_1_1335443681875;1.05;3;40;104739507;0
face_user_1_1335443681875;1.1;1;40;94775250;0
face_user_1_1335443681875;1.1;2;40;95351930;0
face_user_1_1335443681875;1.1;3;40;95101618;0
face_user_1_1335443681875;1.15;1;40;93512031;0
face_user_1_1335443681875;1.15;2;40;93334851;0
face_user_1_1335443681875;1.15;3;40;93751093;0
face_user_1_1335443681875;1.2;1;40;92165768;0
face_user_1_1335443681875;1.2;2;40;102609910;0
face_user_1_1335443681875;1.2;3;40;101915890;0
face_user_1_1335443681875;1.25;1;40;92808661;0
face_user_1_1335443681875;1.25;2;40;97873199;0
face_user_1_1335443681875;1.25;3;40;105680059;0
face_user_1_1335443681875;1.3;1;40;95679763;0
face_user_1_1335443681875;1.3;2;40;95491892;0
face_user_1_1335443681875;1.3;3;40;94547711;0
face_user_1_1335443681875;1.35;1;40;97969792;0
face_user_1_1335443681875;1.35;2;40;94439865;0
face_user_1_1335443681875;1.35;3;40;94195782;0
face_user_1_1335443671875;1.05;1;40;115939812;0
face_user_1_1335443671875;1.05;2;40;113208044;0
face_user_1_1335443671875;1.05;3;40;110829738;0
face_user_1_1335443671875;1.1;1;40;99765547;0
face_user_1_1335443671875;1.1;2;40;99491072;0
face_user_1_1335443671875;1.1;3;40;99107366;0
face_user_1_1335443671875;1.15;1;40;97164241;0
face_user_1_1335443671875;1.15;2;40;96941938;0
face_user_1_1335443671875;1.15;3;40;96889978;0
face_user_1_1335443671875;1.2;1;40;95445997;0
face_user_1_1335443671875;1.2;2;40;95045892;0
face_user_1_1335443671875;1.2;3;40;96764896;0
face_user_1_1335443671875;1.25;1;40;93398606;0
face_user_1_1335443671875;1.25;2;40;92087262;0
face_user_1_1335443671875;1.25;3;40;92800634;0
face_user_1_1335443671875;1.3;1;40;94888527;0
face_user_1_1335443671875;1.3;2;40;93006657;0
face_user_1_1335443671875;1.3;3;40;93307473;0
face_user_1_1335443671875;1.35;1;40;91983693;0
face_user_1_1335443671875;1.35;2;40;92112340;0
face_user_1_1335443671875;1.35;3;40;94705548;0
face_user_1_1335443676848;1.05;1;40;107388445;0
face_user_1_1335443676848;1.05;2;40;102257775;0
face_user_1_1335443676848;1.05;3;40;104590459;0
face_user_1_1335443676848;1.1;1;40;100234537;0
face_user_1_1335443676848;1.1;2;40;98638031;0
face_user_1_1335443676848;1.1;3;40;95042528;0
face_user_1_1335443676848;1.15;1;40;93126857;0
face_user_1_1335443676848;1.15;2;40;92342191;0
face_user_1_1335443676848;1.15;3;40;92080006;0
face_user_1_1335443676848;1.2;1;40;90458641;0
face_user_1_1335443676848;1.2;2;40;92593125;0
face_user_1_1335443676848;1.2;3;40;91667737;0
face_user_1_1335443676848;1.25;1;40;92712415;0
face_user_1_1335443676848;1.25;2;40;91517715;0
face_user_1_1335443676848;1.25;3;40;90728647;0
face_user_1_1335443676848;1.3;1;40;91163481;0
face_user_1_1335443676848;1.3;2;40;90356390;0
face_user_1_1335443676848;1.3;3;40;90837879;0
face_user_1_1335443676848;1.35;1;40;89447825;0
face_user_1_1335443676848;1.35;2;40;91302117;0
face_user_1_1335443676848;1.35;3;40;91294497;0
face_user_1_1335443669056;1.05;1;40;95976100;0
face_user_1_1335443669056;1.05;2;40;94933092;0
face_user_1_1335443669056;1.05;3;40;95621870;0
face_user_1_1335443669056;1.1;1;40;92075671;0
face_user_1_1335443669056;1.1;2;40;92264527;0
face_user_1_1335443669056;1.1;3;40;92547665;0
face_user_1_1335443669056;1.15;1;40;91111025;0
face_user_1_1335443669056;1.15;2;40;93431226;0
face_user_1_1335443669056;1.15;3;40;90520587;0
face_user_1_1335443669056;1.2;1;40;91888502;0
face_user_1_1335443669056;1.2;2;40;91925170;0
face_user_1_1335443669056;1.2;3;40;91795679;0
face_user_1_1335443669056;1.25;1;40;92312646;0
face_user_1_1335443669056;1.25;2;40;89819033;0
face_user_1_1335443669056;1.25;3;40;89815264;0
face_user_1_1335443669056;1.3;1;40;90148405;0
face_user_1_1335443669056;1.3;2;40;89631019;0
face_user_1_1335443669056;1.3;3;40;88860465;0
face_user_1_1335443669056;1.35;1;40;90259589;0
face_user_1_1335443669056;1.35;2;40;89986029;0
face_user_1_1335443669056;1.35;3;40;89944045;0
face_user_1_1335443683236;1.05;1;40;110337987;0
face_user_1_1335443683236;1.05;2;40;110037456;0
face_user_1_1335443683236;1.05;3;40;110120496;0
face_user_1_1335443683236;1.1;1;40;99818069;0
face_user_1_1335443683236;1.1;2;40;98287707;0
face_user_1_1335443683236;1.1;3;40;100155544;0
face_user_1_1335443683236;1.15;1;40;96207554;0
face_user_1_1335443683236;1.15;2;40;96663551;0
face_user_1_1335443683236;1.15;3;40;96436637;0
face_user_1_1335443683236;1.2;1;40;95671873;0
face_user_1_1335443683236;1.2;2;40;99846843;0
face_user_1_1335443683236;1.2;3;40;96781162;0
face_user_1_1335443683236;1.25;1;40;93139843;0
face_user_1_1335443683236;1.25;2;40;92490185;0
face_user_1_1335443683236;1.25;3;40;92420901;0
face_user_1_1335443683236;1.3;1;40;92653403;0
face_user_1_1335443683236;1.3;2;40;92697822;0
face_user_1_1335443683236;1.3;3;40;92714301;0
face_user_1_1335443683236;1.35;1;40;92155225;0
face_user_1_1335443683236;1.35;2;40;91531402;0
face_user_1_1335443683236;1.35;3;40;92126174;0
face_user_1_1335443656155;1.05;1;40;162192970;0
face_user_1_1335443656155;1.05;2;40;160561552;0
face_user_1_1335443656155;1.05;3;40;161573265;0
face_user_1_1335443656155;1.1;1;40;124070877;0
face_user_1_1335443656155;1.1;2;40;124177031;0
face_user_1_1335443656155;1.1;3;40;123882793;0
face_user_1_1335443656155;1.15;1;40;117276646;0
face_user_1_1335443656155;1.15;2;40;118785569;0
face_user_1_1335443656155;1.15;3;40;119753563;0
face_user_1_1335443656155;1.2;1;40;111144652;0
face_user_1_1335443656155;1.2;2;40;110443370;0
face_user_1_1335443656155;1.2;3;40;111200317;0
face_user_1_1335443656155;1.25;1;40;105198509;0
face_user_1_1335443656155;1.25;2;40;105970036;0
face_user_1_1335443656155;1.25;3;40;104897765;0
face_user_1_1335443656155;1.3;1;40;106626830;1
face_user_1_1335443656155;1.3;2;40;105978840;0
face_user_1_1335443656155;1.3;3;40;105640806;0
face_user_1_1335443656155;1.35;1;40;103819003;0
face_user_1_1335443656155;1.35;2;40;102609628;0
face_user_1_1335443656155;1.35;3;40;101999213;0
face_user_1_1335443666186;1.05;1;40;106204011;0
face_user_1_1335443666186;1.05;2;40;105891811;0
face_user_1_1335443666186;1.05;3;40;106479187;0
face_user_1_1335443666186;1.1;1;40;96526591;0
face_user_1_1335443666186;1.1;2;40;97293444;0
face_user_1_1335443666186;1.1;3;40;96853167;0
face_user_1_1335443666186;1.15;1;40;94946225;0
face_user_1_1335443666186;1.15;2;40;95212455;0
face_user_1_1335443666186;1.15;3;40;94658266;0
face_user_1_1335443666186;1.2;1;40;94217149;0
face_user_1_1335443666186;1.2;2;40;97313291;0
face_user_1_1335443666186;1.2;3;40;96679599;0
face_user_1_1335443666186;1.25;1;40;93154936;0
face_user_1_1335443666186;1.25;2;40;92317261;0
face_user_1_1335443666186;1.25;3;40;92726452;0
face_user_1_1335443666186;1.3;1;40;92835206;0
face_user_1_1335443666186;1.3;2;40;94759670;0
face_user_1_1335443666186;1.3;3;40;92233588;0
face_user_1_1335443666186;1.35;1;40;90582191;0
face_user_1_1335443666186;1.35;2;40;90548390;0
face_user_1_1335443666186;1.35;3;40;90679335;0
face_user_1_1335443664700;1.05;1;40;109174492;1
face_user_1_1335443664700;1.05;2;40;109105012;0
face_user_1_1335443664700;1.05;3;40;110061133;0
face_user_1_1335443664700;1.1;1;40;98155984;0
face_user_1_1335443664700;1.1;2;40;98553455;0
face_user_1_1335443664700;1.1;3;40;98828906;0
face_user_1_1335443664700;1.15;1;40;95977710;0
face_user_1_1335443664700;1.15;2;40;97076383;0
face_user_1_1335443664700;1.15;3;40;96660612;0
face_user_1_1335443664700;1.2;1;40;94098070;0
face_user_1_1335443664700;1.2;2;40;99519217;0
face_user_1_1335443664700;1.2;3;40;98436405;0
face_user_1_1335443664700;1.25;1;40;92907208;0
face_user_1_1335443664700;1.25;2;40;92258794;0
face_user_1_1335443664700;1.25;3;40;93486465;0
face_user_1_1335443664700;1.3;1;40;93627411;0
face_user_1_1335443664700;1.3;2;40;92182049;0
face_user_1_1335443664700;1.3;3;40;92378572;0
face_user_1_1335443664700;1.35;1;40;90978677;0
face_user_1_1335443664700;1.35;2;40;91117458;0
face_user_1_1335443664700;1.35;3;40;91267331;0
face_user_1_1335443664005;1.05;1;40;106880494;1
face_user_1_1335443664005;1.05;2;40;107291713;0
face_user_1_1335443664005;1.05;3;40;106545114;0
face_user_1_1335443664005;1.1;1;40;96822368;0
face_user_1_1335443664005;1.1;2;40;96725498;0
face_user_1_1335443664005;1.1;3;40;97048444;0
face_user_1_1335443664005;1.15;1;40;96373706;0
face_user_1_1335443664005;1.15;2;40;95370369;0
face_user_1_1335443664005;1.15;3;40;95488543;0
face_user_1_1335443664005;1.2;1;40;93770856;0
face_user_1_1335443664005;1.2;2;40;94461663;0
face_user_1_1335443664005;1.2;3;40;95636330;0
face_user_1_1335443664005;1.25;1;40;91757550;0
face_user_1_1335443664005;1.25;2;40;91949681;0
face_user_1_1335443664005;1.25;3;40;91854137;0
face_user_1_1335443664005;1.3;1;40;92437108;0
face_user_1_1335443664005;1.3;2;40;92063868;0
face_user_1_1335443664005;1.3;3;40;92137906;0
face_user_1_1335443664005;1.35;1;40;95619702;0
face_user_1_1335443664005;1.35;2;40;92391284;0
face_user_1_1335443664005;1.35;3;40;91635328;0
face_user_1_1335443657517;1.05;1;40;105760513;0
face_user_1_1335443657517;1.05;2;40;105970111;0
face_user_1_1335443657517;1.05;3;40;104264445;0
face_user_1_1335443657517;1.1;1;40;96932232;0
face_user_1_1335443657517;1.1;2;40;97183513;0
face_user_1_1335443657517;1.1;3;40;96594267;0
face_user_1_1335443657517;1.15;1;40;93944354;0
face_user_1_1335443657517;1.15;2;40;93847685;0
face_user_1_1335443657517;1.15;3;40;94402854;0
face_user_1_1335443657517;1.2;1;40;93273037;0
face_user_1_1335443657517;1.2;2;40;113560738;0
face_user_1_1335443657517;1.2;3;40;98369773;0
face_user_1_1335443657517;1.25;1;40;92369634;0
face_user_1_1335443657517;1.25;2;40;92123587;0
face_user_1_1335443657517;1.25;3;40;91846523;0
face_user_1_1335443657517;1.3;1;40;92786175;0
face_user_1_1335443657517;1.3;2;40;92070578;0
face_user_1_1335443657517;1.3;3;40;92249578;0
face_user_1_1335443657517;1.35;1;40;90272027;0
face_user_1_1335443657517;1.35;2;40;90166903;0
face_user_1_1335443657517;1.35;3;40;89788028;0
face_user_1_1335443681108;1.05;1;40;104362087;0
face_user_1_1335443681108;1.05;2;40;103680224;0
face_user_1_1335443681108;1.05;3;40;103161859;0
face_user_1_1335443681108;1.1;1;40;95290187;0
face_user_1_1335443681108;1.1;2;40;95496574;0
face_user_1_1335443681108;1.1;3;40;96240031;0
face_user_1_1335443681108;1.15;1;40;93743416;0
face_user_1_1335443681108;1.15;2;40;93395889;0
face_user_1_1335443681108;1.15;3;40;93716379;0
face_user_1_1335443681108;1.2;1;40;92432782;0
face_user_1_1335443681108;1.2;2;40;92933739;0
face_user_1_1335443681108;1.2;3;40;142135747;0
face_user_1_1335443681108;1.25;1;40;93646195;0
face_user_1_1335443681108;1.25;2;40;92299928;0
face_user_1_1335443681108;1.25;3;40;91153428;0
face_user_1_1335443681108;1.3;1;40;91459953;0
face_user_1_1335443681108;1.3;2;40;92984726;0
face_user_1_1335443681108;1.3;3;40;90962761;0
face_user_1_1335443681108;1.35;1;40;89842150;0
face_user_1_1335443681108;1.35;2;40;89853248;0
face_user_1_1335443681108;1.35;3;40;89853963;0
face_user_1_1335443669667;1.05;1;40;98579778;0
face_user_1_1335443669667;1.05;2;40;99389038;0
face_user_1_1335443669667;1.05;3;40;99888963;0
face_user_1_1335443669667;1.1;1;40;94525986;0
face_user_1_1335443669667;1.1;2;40;94135367;0
face_user_1_1335443669667;1.1;3;40;96726677;0
face_user_1_1335443669667;1.15;1;40;106308006;0
face_user_1_1335443669667;1.15;2;40;108239813;0
face_user_1_1335443669667;1.15;3;40;96289337;0
face_user_1_1335443669667;1.2;1;40;96867974;0
face_user_1_1335443669667;1.2;2;40;99453365;0
face_user_1_1335443669667;1.2;3;40;95572198;0
face_user_1_1335443669667;1.25;1;40;97454085;0
face_user_1_1335443669667;1.25;2;40;134781945;0
face_user_1_1335443669667;1.25;3;40;92085458;0
face_user_1_1335443669667;1.3;1;40;91310281;0
face_user_1_1335443669667;1.3;2;40;91441164;0
face_user_1_1335443669667;1.3;3;40;91442288;0
face_user_1_1335443669667;1.35;1;40;90065013;0
face_user_1_1335443669667;1.35;2;40;90256593;0
face_user_1_1335443669667;1.35;3;40;90092879;0
face_user_1_1335443661909;1.05;1;40;100999789;1
face_user_1_1335443661909;1.05;2;40;98754665;0
face_user_1_1335443661909;1.05;3;40;99540453;0
face_user_1_1335443661909;1.1;1;40;93694595;0
face_user_1_1335443661909;1.1;2;40;96451791;0
face_user_1_1335443661909;1.1;3;40;94053855;0
face_user_1_1335443661909;1.15;1;40;92381588;0
face_user_1_1335443661909;1.15;2;40;92875276;0
face_user_1_1335443661909;1.15;3;40;93479702;0
face_user_1_1335443661909;1.2;1;40;92494580;0
face_user_1_1335443661909;1.2;2;40;95186267;0
face_user_1_1335443661909;1.2;3;40;92884016;0
face_user_1_1335443661909;1.25;1;40;91550332;0
face_user_1_1335443661909;1.25;2;40;89840338;0
face_user_1_1335443661909;1.25;3;40;90054324;0
face_user_1_1335443661909;1.3;1;40;90931328;0
face_user_1_1335443661909;1.3;2;40;90575761;0
face_user_1_1335443661909;1.3;3;40;90757006;0
face_user_1_1335443661909;1.35;1;40;89993497;0
face_user_1_1335443661909;1.35;2;40;89285576;0
face_user_1_1335443661909;1.35;3;40;89412143;0
face_user_1_1335443682512;1.05;1;40;106369327;0
face_user_1_1335443682512;1.05;2;40;106449710;0
face_user_1_1335443682512;1.05;3;40;106172095;0
face_user_1_1335443682512;1.1;1;40;96874184;0
face_user_1_1335443682512;1.1;2;40;96660130;0
face_user_1_1335443682512;1.1;3;40;97095237;0
face_user_1_1335443682512;1.15;1;40;94615732;0
face_user_1_1335443682512;1.15;2;40;95391742;0
face_user_1_1335443682512;1.15;3;40;94261705;0
face_user_1_1335443682512;1.2;1;40;93288127;0
face_user_1_1335443682512;1.2;2;40;97462528;0
face_user_1_1335443682512;1.2;3;40;95964296;0
face_user_1_1335443682512;1.25;1;40;92532651;0
face_user_1_1335443682512;1.25;2;40;91505208;0
face_user_1_1335443682512;1.25;3;40;93398961;0
face_user_1_1335443682512;1.3;1;40;92616798;0
face_user_1_1335443682512;1.3;2;40;92038665;0
face_user_1_1335443682512;1.3;3;40;91592793;0
face_user_1_1335443682512;1.35;1;40;101407800;0
face_user_1_1335443682512;1.35;2;40;99038989;0
face_user_1_1335443682512;1.35;3;40;101700705;0
face_user_1_1335443670414;1.05;1;40;106938257;0
face_user_1_1335443670414;1.05;2;40;106297317;0
face_user_1_1335443670414;1.05;3;40;105744170;0
face_user_1_1335443670414;1.1;1;40;96258404;0
face_user_1_1335443670414;1.1;2;40;96352961;0
face_user_1_1335443670414;1.1;3;40;97100970;0
face_user_1_1335443670414;1.15;1;40;94955930;0
face_user_1_1335443670414;1.15;2;40;95066484;0
face_user_1_1335443670414;1.15;3;40;95834533;0
face_user_1_1335443670414;1.2;1;40;92903997;0
face_user_1_1335443670414;1.2;2;40;94570125;0
face_user_1_1335443670414;1.2;3;40;95934964;0
face_user_1_1335443670414;1.25;1;40;92513303;0
face_user_1_1335443670414;1.25;2;40;92136925;0
face_user_1_1335443670414;1.25;3;40;93008333;0
face_user_1_1335443670414;1.3;1;40;92683229;0
face_user_1_1335443670414;1.3;2;40;92179807;0
face_user_1_1335443670414;1.3;3;40;91572536;0
face_user_1_1335443670414;1.35;1;40;90183611;0
face_user_1_1335443670414;1.35;2;40;90574851;0
face_user_1_1335443670414;1.35;3;40;90684507;0
face_user_1_1335443672599;1.05;1;40;101862315;0
face_user_1_1335443672599;1.05;2;40;101105537;0
face_user_1_1335443672599;1.05;3;40;101551042;0
face_user_1_1335443672599;1.1;1;40;94264220;0
face_user_1_1335443672599;1.1;2;40;94132853;0
face_user_1_1335443672599;1.1;3;40;96658936;0
face_user_1_1335443672599;1.15;1;40;92507359;0
face_user_1_1335443672599;1.15;2;40;92245183;0
face_user_1_1335443672599;1.15;3;40;92683230;0
face_user_1_1335443672599;1.2;1;40;91823543;0
face_user_1_1335443672599;1.2;2;40;93237698;0
face_user_1_1335443672599;1.2;3;40;96358200;0
face_user_1_1335443672599;1.25;1;40;96721940;0
face_user_1_1335443672599;1.25;2;40;94977432;0
face_user_1_1335443672599;1.25;3;40;96597556;0
face_user_1_1335443672599;1.3;1;40;96403666;0
face_user_1_1335443672599;1.3;2;40;94132156;0
face_user_1_1335443672599;1.3;3;40;91948562;0
face_user_1_1335443672599;1.35;1;40;92102703;0
face_user_1_1335443672599;1.35;2;40;91864620;0
face_user_1_1335443672599;1.35;3;40;91494316;0
face_user_1_1335443680489;1.05;1;40;108355885;0
face_user_1_1335443680489;1.05;2;40;107073396;0
face_user_1_1335443680489;1.05;3;40;107492930;0
face_user_1_1335443680489;1.1;1;40;97987669;0
face_user_1_1335443680489;1.1;2;40;97135673;0
face_user_1_1335443680489;1.1;3;40;97382356;0
face_user_1_1335443680489;1.15;1;40;94800320;0
face_user_1_1335443680489;1.15;2;40;95195490;0
face_user_1_1335443680489;1.15;3;40;94943497;0
face_user_1_1335443680489;1.2;1;40;93082582;0
face_user_1_1335443680489;1.2;2;40;94800177;0
face_user_1_1335443680489;1.2;3;40;95794584;0
face_user_1_1335443680489;1.25;1;40;92595994;0
face_user_1_1335443680489;1.25;2;40;92503728;0
face_user_1_1335443680489;1.25;3;40;92897499;0
face_user_1_1335443680489;1.3;1;40;92343033;0
face_user_1_1335443680489;1.3;2;40;92112478;0
face_user_1_1335443680489;1.3;3;40;91949055;0
face_user_1_1335443680489;1.35;1;40;90972809;0
face_user_1_1335443680489;1.35;2;40;90833413;0
face_user_1_1335443680489;1.35;3;40;90467438;0
face_user_1_1335443659721;1.05;1;40;105474790;0
face_user_1_1335443659721;1.05;2;40;105338263;0
face_user_1_1335443659721;1.05;3;40;106369873;0
face_user_1_1335443659721;1.1;1;40;99315495;0
face_user_1_1335443659721;1.1;2;40;98312714;0
face_user_1_1335443659721;1.1;3;40;96690998;0
face_user_1_1335443659721;1.15;1;40;94524804;0
face_user_1_1335443659721;1.15;2;40;95012007;0
face_user_1_1335443659721;1.15;3;40;94376596;0
face_user_1_1335443659721;1.2;1;40;93306628;0
face_user_1_1335443659721;1.2;2;40;98069310;0
face_user_1_1335443659721;1.2;3;40;98381507;0
face_user_1_1335443659721;1.25;1;40;94881901;0
face_user_1_1335443659721;1.25;2;40;96235004;0
face_user_1_1335443659721;1.25;3;40;95470175;0
face_user_1_1335443659721;1.3;1;40;94410671;0
face_user_1_1335443659721;1.3;2;40;94804517;0
face_user_1_1335443659721;1.3;3;40;94226019;0
face_user_1_1335443659721;1.35;1;40;95888102;0
face_user_1_1335443659721;1.35;2;40;95451732;0
face_user_1_1335443659721;1.35;3;40;93792999;0
face_user_1_1335443678612;1.05;1;40;109303564;0
face_user_1_1335443678612;1.05;2;40;107213637;0
face_user_1_1335443678612;1.05;3;40;107958633;0
face_user_1_1335443678612;1.1;1;40;98542837;0
face_user_1_1335443678612;1.1;2;40;100296691;0
face_user_1_1335443678612;1.1;3;40;97527000;0
face_user_1_1335443678612;1.15;1;40;96182550;0
face_user_1_1335443678612;1.15;2;40;97305810;0
face_user_1_1335443678612;1.15;3;40;95673479;0
face_user_1_1335443678612;1.2;1;40;95678503;0
face_user_1_1335443678612;1.2;2;40;97273412;0
face_user_1_1335443678612;1.2;3;40;97701460;0
face_user_1_1335443678612;1.25;1;40;94304383;0
face_user_1_1335443678612;1.25;2;40;97863765;0
face_user_1_1335443678612;1.25;3;40;95703091;0
face_user_1_1335443678612;1.3;1;40;95924912;0
face_user_1_1335443678612;1.3;2;40;93876953;0
face_user_1_1335443678612;1.3;3;40;95091980;0
face_user_1_1335443678612;1.35;1;40;92987662;0
face_user_1_1335443678612;1.35;2;40;92477960;0
face_user_1_1335443678612;1.35;3;40;92964409;0
face_user_1_1335443661189;1.05;1;40;99509020;0
face_user_1_1335443661189;1.05;2;40;101334809;0
face_user_1_1335443661189;1.05;3;40;100389934;0
face_user_1_1335443661189;1.1;1;40;94466343;0
face_user_1_1335443661189;1.1;2;40;94967314;0
face_user_1_1335443661189;1.1;3;40;95062158;0
face_user_1_1335443661189;1.15;1;40;91966793;0
face_user_1_1335443661189;1.15;2;40;94146257;0
face_user_1_1335443661189;1.15;3;40;92425443;0
face_user_1_1335443661189;1.2;1;40;94049530;0
face_user_1_1335443661189;1.2;2;40;94019845;0
face_user_1_1335443661189;1.2;3;40;93591447;0
face_user_1_1335443661189;1.25;1;40;92223040;0
face_user_1_1335443661189;1.25;2;40;89837260;0
face_user_1_1335443661189;1.25;3;40;90464297;0
face_user_1_1335443661189;1.3;1;40;91843526;0
face_user_1_1335443661189;1.3;2;40;90717740;0
face_user_1_1335443661189;1.3;3;40;94389385;0
face_user_1_1335443661189;1.35;1;40;89969604;0
face_user_1_1335443661189;1.35;2;40;91419037;0
face_user_1_1335443661189;1.35;3;40;90826142;0
