face_user_1_1335443666855;1.05;1;40;165859785;0
face_user_1_1335443666855;1.05;2;40;32702410;0
face_user_1_1335443666855;1.05;3;40;27742280;0
face_user_1_1335443666855;1.1;1;40;25249585;0
face_user_1_1335443666855;1.1;2;40;27281252;0
face_user_1_1335443666855;1.1;3;40;25812720;0
face_user_1_1335443666855;1.15;1;40;26197461;0
face_user_1_1335443666855;1.15;2;40;30363633;0
face_user_1_1335443666855;1.15;3;40;33751426;0
face_user_1_1335443666855;1.2;1;40;33101214;0
face_user_1_1335443666855;1.2;2;40;28325672;0
face_user_1_1335443666855;1.2;3;40;27657355;0
face_user_1_1335443666855;1.25;1;40;31340928;0
face_user_1_1335443666855;1.25;2;40;27276858;0
face_user_1_1335443666855;1.25;3;40;28386222;0
face_user_1_1335443666855;1.3;1;40;28829927;0
face_user_1_1335443666855;1.3;2;40;27499026;0
face_user_1_1335443666855;1.3;3;40;23136388;0
face_user_1_1335443666855;1.35;1;40;23700223;0
face_user_1_1335443666855;1.35;2;40;23901019;0
face_user_1_1335443666855;1.35;3;40;24450455;0
face_user_1_1335443665391;1.05;1;40;32962990;1
face_user_1_1335443665391;1.05;2;40;34773622;1
face_user_1_1335443665391;1.05;3;40;34090377;0
face_user_1_1335443665391;1.1;1;40;29829276;0
face_user_1_1335443665391;1.1;2;40;30693220;0
face_user_1_1335443665391;1.1;3;40;31592915;0
face_user_1_1335443665391;1.15;1;40;30595229;0
face_user_1_1335443665391;1.15;2;40;31008761;0
face_user_1_1335443665391;1.15;3;40;32730350;0
face_user_1_1335443665391;1.2;1;40;34479106;0
face_user_1_1335443665391;1.2;2;40;31588025;0
face_user_1_1335443665391;1.2;3;40;29677169;0
face_user_1_1335443665391;1.25;1;40;26885051;0
face_user_1_1335443665391;1.25;2;40;25922014;0
face_user_1_1335443665391;1.25;3;40;25627766;0
face_user_1_1335443665391;1.3;1;40;28352210;1
face_user_1_1335443665391;1.3;2;40;26692640;0
face_user_1_1335443665391;1.3;3;40;27546799;0
face_user_1_1335443665391;1.35;1;40;27322748;0
face_user_1_1335443665391;1.35;2;40;27321910;0
face_user_1_1335443665391;1.35;3;40;27330573;0
face_user_1_1335443671131;1.05;1;40;33882312;0
face_user_1_1335443671131;1.05;2;40;35958415;0
face_user_1_1335443671131;1.05;3;40;33590653;0
face_user_1_1335443671131;1.1;1;40;30562475;0
face_user_1_1335443671131;1.1;2;40;30798814;0
face_user_1_1335443671131;1.1;3;40;32839445;0
face_user_1_1335443671131;1.15;1;40;31312433;0
face_user_1_1335443671131;1.15;2;40;24083084;0
face_user_1_1335443671131;1.15;3;40;25116819;0
face_user_1_1335443671131;1.2;1;40;24868664;0
face_user_1_1335443671131;1.2;2;40;25394635;0
face_user_1_1335443671131;1.2;3;40;25473211;0
face_user_1_1335443671131;1.25;1;40;25572535;0
face_user_1_1335443671131;1.25;2;40;26245438;0
face_user_1_1335443671131;1.25;3;40;27139492;0
face_user_1_1335443671131;1.3;1;40;27689408;0
face_user_1_1335443671131;1.3;2;40;27601700;0
face_user_1_1335443671131;1.3;3;40;28725443;0
face_user_1_1335443671131;1.35;1;40;27437140;0
face_user_1_1335443671131;1.35;2;40;28794165;0
face_user_1_1335443671131;1.35;3;40;28648761;0
face_user_1_1335443674098;1.05;1;40;34379094;0
face_user_1_1335443674098;1.05;2;40;32955792;0
face_user_1_1335443674098;1.05;3;40;30984528;0
face_user_1_1335443674098;1.1;1;40;26073009;0
face_user_1_1335443674098;1.1;2;40;25448552;0
face_user_1_1335443674098;1.1;3;40;26749635;0
face_user_1_1335443674098;1.15;1;40;25690136;0
face_user_1_1335443674098;1.15;2;40;26964114;0
face_user_1_1335443674098;1.15;3;40;28763780;0
face_user_1_1335443674098;1.2;1;40;29477638;0
face_user_1_1335443674098;1.2;2;40;29521492;0
face_user_1_1335443674098;1.2;3;40;28025975;0
face_user_1_1335443674098;1.25;1;40;28712876;0
face_user_1_1335443674098;1.25;2;40;31946659;0
face_user_1_1335443674098;1.25;3;40;29172069;0
face_user_1_1335443674098;1.3;1;40;28214346;0
face_user_1_1335443674098;1.3;2;40;28177252;0
face_user_1_1335443674098;1.3;3;40;27772109;0
face_user_1_1335443674098;1.35;1;40;23090085;0
face_user_1_1335443674098;1.35;2;40;23784174;0
face_user_1_1335443674098;1.35;3;40;23693588;0
face_user_1_1335443660475;1.05;1;40;27698987;0
face_user_1_1335443660475;1.05;2;40;27479745;0
face_user_1_1335443660475;1.05;3;40;29905063;0
face_user_1_1335443660475;1.1;1;40;26440021;0
face_user_1_1335443660475;1.1;2;40;27531083;0
face_user_1_1335443660475;1.1;3;40;27626700;0
face_user_1_1335443660475;1.15;1;40;27386090;0
face_user_1_1335443660475;1.15;2;40;29627099;0
face_user_1_1335443660475;1.15;3;40;28816159;0
face_user_1_1335443660475;1.2;1;40;29259378;0
face_user_1_1335443660475;1.2;2;40;28959275;0
face_user_1_1335443660475;1.2;3;40;29701120;0
face_user_1_1335443660475;1.25;1;40;27405227;0
face_user_1_1335443660475;1.25;2;40;23591482;0
face_user_1_1335443660475;1.25;3;40;23442363;0
face_user_1_1335443660475;1.3;1;40;23808962;0
face_user_1_1335443660475;1.3;2;40;24356171;0
face_user_1_1335443660475;1.3;3;40;26058058;0
face_user_1_1335443660475;1.35;1;40;26171628;0
face_user_1_1335443660475;1.35;2;40;25002615;0
face_user_1_1335443660475;1.35;3;40;26059950;0
face_user_1_1335443681875;1.05;1;40;31984653;0
face_user_1_1335443681875;1.05;2;40;32746699;0
face_user_1_1335443681875;1.05;3;40;33449849;0
face_user_1_1335443681875;1.1;1;40;29776620;1
face_user_1_1335443681875;1.1;2;40;31985288;0
face_user_1_1335443681875;1.1;3;40;29563886;0
face_user_1_1335443681875;1.15;1;40;30943736;0
face_user_1_1335443681875;1.15;2;40;30394508;0
face_user_1_1335443681875;1.15;3;40;26389246;0
face_user_1_1335443681875;1.2;1;40;24873554;0
face_user_1_1335443681875;1.2;2;40;24830254;0
face_user_1_1335443681875;1.2;3;40;26122877;0
face_user_1_1335443681875;1.25;1;40;26040814;0
face_user_1_1335443681875;1.25;2;40;25871861;0
face_user_1_1335443681875;1.25;3;40;25335552;0
face_user_1_1335443681875;1.3;1;40;33244242;0
face_user_1_1335443681875;1.3;2;40;31591379;0
face_user_1_1335443681875;1.3;3;40;29342764;0
face_user_1_1335443681875;1.35;1;40;32511471;0
face_user_1_1335443681875;1.35;2;40;29026108;0
face_user_1_1335443681875;1.35;3;40;30430763;0
face_user_1_1335443671875;1.05;1;40;34347244;0
face_user_1_1335443671875;1.05;2;40;35005637;0
face_user_1_1335443671875;1.05;3;40;33570607;0
face_user_1_1335443671875;1.1;1;40;27030670;0
face_user_1_1335443671875;1.1;2;40;27096113;0
face_user_1_1335443671875;1.1;3;40;26954482;0
face_user_1_1335443671875;1.15;1;40;27716992;0
face_user_1_1335443671875;1.15;2;40;26893863;0
face_user_1_1335443671875;1.15;3;40;27753103;0
face_user_1_1335443671875;1.2;1;40;26659537;0
face_user_1_1335443671875;1.2;2;40;36290443;0
face_user_1_1335443671875;1.2;3;40;36207958;0
face_user_1_1335443671875;1.25;1;40;28121239;0
face_user_1_1335443671875;1.25;2;40;32295728;0
face_user_1_1335443671875;1.25;3;40;29994599;0
face_user_1_1335443671875;1.3;1;40;31042494;0
face_user_1_1335443671875;1.3;2;40;29944592;0
face_user_1_1335443671875;1.3;3;40;28529037;0
face_user_1_1335443671875;1.35;1;40;24261400;0
face_user_1_1335443671875;1.35;2;40;23378530;0
face_user_1_1335443671875;1.35;3;40;23607192;0
face_user_1_1335443676848;1.05;1;40;27700941;0
face_user_1_1335443676848;1.05;2;40;27009851;0
face_user_1_1335443676848;1.05;3;40;26937444;0
face_user_1_1335443676848;1.1;1;40;25942332;0
face_user_1_1335443676848;1.1;2;40;26520270;0
face_user_1_1335443676848;1.1;3;40;27240059;0
face_user_1_1335443676848;1.15;1;40;26629716;0
face_user_1_1335443676848;1.15;2;40;27432046;0
face_user_1_1335443676848;1.15;3;40;27576624;0
face_user_1_1335443676848;1.2;1;40;27420249;0
face_user_1_1335443676848;1.2;2;40;27201149;0
face_user_1_1335443676848;1.2;3;40;28064945;0
face_user_1_1335443676848;1.25;1;40;27263252;0
face_user_1_1335443676848;1.25;2;40;22722925;0
face_user_1_1335443676848;1.25;3;40;22640247;0
face_user_1_1335443676848;1.3;1;40;23878737;0
face_user_1_1335443676848;1.3;2;40;23362255;0
face_user_1_1335443676848;1.3;3;40;24086790;0
face_user_1_1335443676848;1.35;1;40;24318179;0
face_user_1_1335443676848;1.35;2;40;25092645;0
face_user_1_1335443676848;1.35;3;40;24968118;0
face_user_1_1335443669056;1.05;1;40;26918020;0
face_user_1_1335443669056;1.05;2;40;27411729;0
face_user_1_1335443669056;1.05;3;40;27737181;0
face_user_1_1335443669056;1.1;1;40;27014401;0
face_user_1_1335443669056;1.1;2;40;29270694;0
face_user_1_1335443669056;1.1;3;40;26441347;0
face_user_1_1335443669056;1.15;1;40;23071512;0
face_user_1_1335443669056;1.15;2;40;22344180;0
face_user_1_1335443669056;1.15;3;40;22857305;0
face_user_1_1335443669056;1.2;1;40;23297935;0
face_user_1_1335443669056;1.2;2;40;23576116;0
face_user_1_1335443669056;1.2;3;40;25005551;0
face_user_1_1335443669056;1.25;1;40;25057518;0
face_user_1_1335443669056;1.25;2;40;25140488;0
face_user_1_1335443669056;1.25;3;40;26107158;0
face_user_1_1335443669056;1.3;1;40;26323741;0
face_user_1_1335443669056;1.3;2;40;26329395;0
face_user_1_1335443669056;1.3;3;40;26348810;0
face_user_1_1335443669056;1.35;1;40;27618730;0
face_user_1_1335443669056;1.35;2;40;25996117;0
face_user_1_1335443669056;1.35;3;40;21959918;0
face_user_1_1335443683236;1.05;1;40;30495771;1
face_user_1_1335443683236;1.05;2;40;32433875;0
face_user_1_1335443683236;1.05;3;40;32031379;0
face_user_1_1335443683236;1.1;1;40;27421300;0
face_user_1_1335443683236;1.1;2;40;27730754;0
face_user_1_1335443683236;1.1;3;40;27864095;0
face_user_1_1335443683236;1.15;1;40;27802487;0
face_user_1_1335443683236;1.15;2;40;27929948;0
face_user_1_1335443683236;1.15;3;40;29390047;0
face_user_1_1335443683236;1.2;1;40;28794652;0
face_user_1_1335443683236;1.2;2;40;29670886;0
face_user_1_1335443683236;1.2;3;40;28738015;0
face_user_1_1335443683236;1.25;1;40;23377896;0
face_user_1_1335443683236;1.25;2;40;23768181;0
face_user_1_1335443683236;1.25;3;40;24021976;0
face_user_1_1335443683236;1.3;1;40;25353928;0
face_user_1_1335443683236;1.3;2;40;25609537;0
face_user_1_1335443683236;1.3;3;40;31784837;0
face_user_1_1335443683236;1.35;1;40;25495494;0
face_user_1_1335443683236;1.35;2;40;25862085;0
face_user_1_1335443683236;1.35;3;40;29272646;0
face_user_1_1335443656155;1.05;1;40;98310268;1
face_user_1_1335443656155;1.05;2;40;106769374;0
face_user_1_1335443656155;1.05;3;40;103416918;0
face_user_1_1335443656155;1.1;1;40;58991163;0
face_user_1_1335443656155;1.1;2;40;57386486;0
face_user_1_1335443656155;1.1;3;40;61123069;0
face_user_1_1335443656155;1.15;1;40;53179522;0
face_user_1_1335443656155;1.15;2;40;56139403;0
face_user_1_1335443656155;1.15;3;40;57133525;0
face_user_1_1335443656155;1.2;1;40;50393205;0
face_user_1_1335443656155;1.2;2;40;49444419;0
face_user_1_1335443656155;1.2;3;40;49248163;0
face_user_1_1335443656155;1.25;1;40;43165820;0
face_user_1_1335443656155;1.25;2;40;42828354;0
face_user_1_1335443656155;1.25;3;40;47528180;0
face_user_1_1335443656155;1.3;1;40;46254349;0
face_user_1_1335443656155;1.3;2;40;55128165;0
face_user_1_1335443656155;1.3;3;40;49496097;0
face_user_1_1335443656155;1.35;1;40;44292230;0
face_user_1_1335443656155;1.35;2;40;42706685;0
face_user_1_1335443656155;1.35;3;40;38045762;0
face_user_1_1335443666186;1.05;1;40;40823978;0
face_user_1_1335443666186;1.05;2;40;34166075;0
face_user_1_1335443666186;1.05;3;40;32344057;0
face_user_1_1335443666186;1.1;1;40;28953400;0
face_user_1_1335443666186;1.1;2;40;29186532;0
face_user_1_1335443666186;1.1;3;40;29915744;0
face_user_1_1335443666186;1.15;1;40;29453122;0
face_user_1_1335443666186;1.15;2;40;29221521;0
face_user_1_1335443666186;1.15;3;40;29624647;0
face_user_1_1335443666186;1.2;1;40;28347110;0
face_user_1_1335443666186;1.2;2;40;23307710;0
face_user_1_1335443666186;1.2;3;40;23807079;0
face_user_1_1335443666186;1.25;1;40;24186390;0
face_user_1_1335443666186;1.25;2;40;24576934;0
face_user_1_1335443666186;1.25;3;40;24572891;0
face_user_1_1335443666186;1.3;1;40;24681973;0
face_user_1_1335443666186;1.3;2;40;25309856;0
face_user_1_1335443666186;1.3;3;40;26880935;0
face_user_1_1335443666186;1.35;1;40;26381216;0
face_user_1_1335443666186;1.35;2;40;26255434;0
face_user_1_1335443666186;1.35;3;40;26691728;0
face_user_1_1335443664700;1.05;1;40;36785829;1
face_user_1_1335443664700;1.05;2;40;37731328;0
face_user_1_1335443664700;1.05;3;40;38280296;0
face_user_1_1335443664700;1.1;1;40;32063428;0
face_user_1_1335443664700;1.1;2;40;32185168;0
face_user_1_1335443664700;1.1;3;40;28626689;0
face_user_1_1335443664700;1.15;1;40;26144248;0
face_user_1_1335443664700;1.15;2;40;26067764;0
face_user_1_1335443664700;1.15;3;40;26568396;0
face_user_1_1335443664700;1.2;1;40;26433530;0
face_user_1_1335443664700;1.2;2;40;26566648;0
face_user_1_1335443664700;1.2;3;40;27129078;0
face_user_1_1335443664700;1.25;1;40;27386436;0
face_user_1_1335443664700;1.25;2;40;27819321;0
face_user_1_1335443664700;1.25;3;40;29721522;0
face_user_1_1335443664700;1.3;1;40;28895086;0
face_user_1_1335443664700;1.3;2;40;28961433;0
face_user_1_1335443664700;1.3;3;40;30359166;0
face_user_1_1335443664700;1.35;1;40;29356810;0
face_user_1_1335443664700;1.35;2;40;28158121;0
face_user_1_1335443664700;1.35;3;40;27301101;0
face_user_1_1335443664005;1.05;1;40;29694695;1
face_user_1_1335443664005;1.05;2;40;32020621;0
face_user_1_1335443664005;1.05;3;40;30959945;0
face_user_1_1335443664005;1.1;1;40;26617348;0
face_user_1_1335443664005;1.1;2;40;26752707;0
face_user_1_1335443664005;1.1;3;40;27446230;0
face_user_1_1335443664005;1.15;1;40;27666851;0
face_user_1_1335443664005;1.15;2;40;28148622;0
face_user_1_1335443664005;1.15;3;40;28420026;0
face_user_1_1335443664005;1.2;1;40;28230824;0
face_user_1_1335443664005;1.2;2;40;29110407;0
face_user_1_1335443664005;1.2;3;40;28855763;0
face_user_1_1335443664005;1.25;1;40;28587853;0
face_user_1_1335443664005;1.25;2;40;28550560;0
face_user_1_1335443664005;1.25;3;40;28408847;0
face_user_1_1335443664005;1.3;1;40;28000070;0
face_user_1_1335443664005;1.3;2;40;25172614;0
face_user_1_1335443664005;1.3;3;40;23938729;0
face_user_1_1335443664005;1.35;1;40;23171661;0
face_user_1_1335443664005;1.35;2;40;24291566;0
face_user_1_1335443664005;1.35;3;40;25342469;0
face_user_1_1335443657517;1.05;1;40;31300000;0
face_user_1_1335443657517;1.05;2;40;29468550;0
face_user_1_1335443657517;1.05;3;40;29914626;0
face_user_1_1335443657517;1.1;1;40;30814538;0
face_user_1_1335443657517;1.1;2;40;28315465;0
face_user_1_1335443657517;1.1;3;40;28364155;0
face_user_1_1335443657517;1.15;1;40;28098057;0
face_user_1_1335443657517;1.15;2;40;29604746;0
face_user_1_1335443657517;1.15;3;40;28603709;0
face_user_1_1335443657517;1.2;1;40;27570197;0
face_user_1_1335443657517;1.2;2;40;23030649;0
face_user_1_1335443657517;1.2;3;40;23648192;0
face_user_1_1335443657517;1.25;1;40;24517641;0
face_user_1_1335443657517;1.25;2;40;24314474;0
face_user_1_1335443657517;1.25;3;40;24008642;0
face_user_1_1335443657517;1.3;1;40;27226854;0
face_user_1_1335443657517;1.3;2;40;26561819;0
face_user_1_1335443657517;1.3;3;40;25994999;0
face_user_1_1335443657517;1.35;1;40;25655572;0
face_user_1_1335443657517;1.35;2;40;29387042;0
face_user_1_1335443657517;1.35;3;40;29998375;0
face_user_1_1335443681108;1.05;1;40;34730036;0
face_user_1_1335443681108;1.05;2;40;34525969;0
face_user_1_1335443681108;1.05;3;40;34406825;0
face_user_1_1335443681108;1.1;1;40;31234487;0
face_user_1_1335443681108;1.1;2;40;30914194;0
face_user_1_1335443681108;1.1;3;40;25206064;0
face_user_1_1335443681108;1.15;1;40;24740236;0
face_user_1_1335443681108;1.15;2;40;25588306;0
face_user_1_1335443681108;1.15;3;40;25755166;0
face_user_1_1335443681108;1.2;1;40;28268257;0
face_user_1_1335443681108;1.2;2;40;27862408;0
face_user_1_1335443681108;1.2;3;40;27893985;0
face_user_1_1335443681108;1.25;1;40;28106914;0
face_user_1_1335443681108;1.25;2;40;28388396;0
face_user_1_1335443681108;1.25;3;40;29346745;0
face_user_1_1335443681108;1.3;1;40;28201706;0
face_user_1_1335443681108;1.3;2;40;28429726;0
face_user_1_1335443681108;1.3;3;40;28616704;0
face_user_1_1335443681108;1.35;1;40;28436157;0
face_user_1_1335443681108;1.35;2;40;27826796;0
face_user_1_1335443681108;1.35;3;40;22976100;0
face_user_1_1335443669667;1.05;1;40;27765831;0
face_user_1_1335443669667;1.05;2;40;27300460;0
face_user_1_1335443669667;1.05;3;40;27880714;0
face_user_1_1335443669667;1.1;1;40;26359081;0
face_user_1_1335443669667;1.1;2;40;27039052;0
face_user_1_1335443669667;1.1;3;40;26646195;0
face_user_1_1335443669667;1.15;1;40;26929195;0
face_user_1_1335443669667;1.15;2;40;27011116;0
face_user_1_1335443669667;1.15;3;40;27991683;0
face_user_1_1335443669667;1.2;1;40;26972775;0
face_user_1_1335443669667;1.2;2;40;28305141;0
face_user_1_1335443669667;1.2;3;40;28251354;0
face_user_1_1335443669667;1.25;1;40;27613569;0
face_user_1_1335443669667;1.25;2;40;26603246;0
face_user_1_1335443669667;1.25;3;40;22926025;0
face_user_1_1335443669667;1.3;1;40;23184936;0
face_user_1_1335443669667;1.3;2;40;23238215;0
face_user_1_1335443669667;1.3;3;40;24471063;0
face_user_1_1335443669667;1.35;1;40;24111515;0
face_user_1_1335443669667;1.35;2;40;24710335;0
face_user_1_1335443669667;1.35;3;40;24804827;0
face_user_1_1335443661909;1.05;1;40;29860923;0
face_user_1_1335443661909;1.05;2;40;30330113;0
face_user_1_1335443661909;1.05;3;40;30244141;0
face_user_1_1335443661909;1.1;1;40;27935746;0
face_user_1_1335443661909;1.1;2;40;27827628;0
face_user_1_1335443661909;1.1;3;40;29244221;0
face_user_1_1335443661909;1.15;1;40;28196115;0
face_user_1_1335443661909;1.15;2;40;27317090;0
face_user_1_1335443661909;1.15;3;40;24197773;0
face_user_1_1335443661909;1.2;1;40;25146912;0
face_user_1_1335443661909;1.2;2;40;23898009;0
face_user_1_1335443661909;1.2;3;40;23967082;0
face_user_1_1335443661909;1.25;1;40;26147114;0
face_user_1_1335443661909;1.25;2;40;26091026;0
face_user_1_1335443661909;1.25;3;40;25012609;0
face_user_1_1335443661909;1.3;1;40;26146413;0
face_user_1_1335443661909;1.3;2;40;26639835;0
face_user_1_1335443661909;1.3;3;40;27351805;0
face_user_1_1335443661909;1.35;1;40;27476606;0
face_user_1_1335443661909;1.35;2;40;26969356;0
face_user_1_1335443661909;1.35;3;40;26857120;0
face_user_1_1335443682512;1.05;1;40;34595802;0
face_user_1_1335443682512;1.05;2;40;34071651;0
face_user_1_1335443682512;1.05;3;40;33318557;0
face_user_1_1335443682512;1.1;1;40;24905889;0
face_user_1_1335443682512;1.1;2;40;25635036;0
face_user_1_1335443682512;1.1;3;40;25940658;0
face_user_1_1335443682512;1.15;1;40;25945192;0
face_user_1_1335443682512;1.15;2;40;25513093;0
face_user_1_1335443682512;1.15;3;40;26290707;0
face_user_1_1335443682512;1.2;1;40;26327297;0
face_user_1_1335443682512;1.2;2;40;26536337;0
face_user_1_1335443682512;1.2;3;40;27432959;0
face_user_1_1335443682512;1.25;1;40;27072159;0
face_user_1_1335443682512;1.25;2;40;27433869;0
face_user_1_1335443682512;1.25;3;40;27911858;0
face_user_1_1335443682512;1.3;1;40;28808342;0
face_user_1_1335443682512;1.3;2;40;28213637;0
face_user_1_1335443682512;1.3;3;40;29301216;0
face_user_1_1335443682512;1.35;1;40;27945105;0
face_user_1_1335443682512;1.35;2;40;22897047;0
face_user_1_1335443682512;1.35;3;40;23250787;0
face_user_1_1335443670414;1.05;1;40;31855870;1
face_user_1_1335443670414;1.05;2;40;32046112;0
face_user_1_1335443670414;1.05;3;40;32926535;0
face_user_1_1335443670414;1.1;1;40;29898846;0
face_user_1_1335443670414;1.1;2;40;28525202;0
face_user_1_1335443670414;1.1;3;40;30135049;0
face_user_1_1335443670414;1.15;1;40;28913036;0
face_user_1_1335443670414;1.15;2;40;30229266;0
face_user_1_1335443670414;1.15;3;40;29737995;0
face_user_1_1335443670414;1.2;1;40;29649232;0
face_user_1_1335443670414;1.2;2;40;29706496;0
face_user_1_1335443670414;1.2;3;40;28998665;0
face_user_1_1335443670414;1.25;1;40;28710074;0
face_user_1_1335443670414;1.25;2;40;28616906;0
face_user_1_1335443670414;1.25;3;40;23852613;0
face_user_1_1335443670414;1.3;1;40;24517856;0
face_user_1_1335443670414;1.3;2;40;24008491;0
face_user_1_1335443670414;1.3;3;40;24577919;0
face_user_1_1335443670414;1.35;1;40;24377964;0
face_user_1_1335443670414;1.35;2;40;24998983;0
face_user_1_1335443670414;1.35;3;40;25582514;0
face_user_1_1335443672599;1.05;1;40;28239209;0
face_user_1_1335443672599;1.05;2;40;29069550;0
face_user_1_1335443672599;1.05;3;40;33871831;0
face_user_1_1335443672599;1.1;1;40;29788704;0
face_user_1_1335443672599;1.1;2;40;29628349;0
face_user_1_1335443672599;1.1;3;40;30390879;0
face_user_1_1335443672599;1.15;1;40;29260982;0
face_user_1_1335443672599;1.15;2;40;29188626;0
face_user_1_1335443672599;1.15;3;40;30725486;0
face_user_1_1335443672599;1.2;1;40;24188548;0
face_user_1_1335443672599;1.2;2;40;23466602;0
face_user_1_1335443672599;1.2;3;40;23986155;0
face_user_1_1335443672599;1.25;1;40;24486074;0
face_user_1_1335443672599;1.25;2;40;26983806;0
face_user_1_1335443672599;1.25;3;40;29372454;0
face_user_1_1335443672599;1.3;1;40;28239068;0
face_user_1_1335443672599;1.3;2;40;27983521;0
face_user_1_1335443672599;1.3;3;40;28163843;0
face_user_1_1335443672599;1.35;1;40;27685918;0
face_user_1_1335443672599;1.35;2;40;28866873;0
face_user_1_1335443672599;1.35;3;40;27795500;0
face_user_1_1335443680489;1.05;1;40;35117738;0
face_user_1_1335443680489;1.05;2;40;34281384;0
face_user_1_1335443680489;1.05;3;40;34485461;0
face_user_1_1335443680489;1.1;1;40;29526513;0
face_user_1_1335443680489;1.1;2;40;24688129;0
face_user_1_1335443680489;1.1;3;40;24991446;0
face_user_1_1335443680489;1.15;1;40;24610882;0
face_user_1_1335443680489;1.15;2;40;25120095;0
face_user_1_1335443680489;1.15;3;40;25991502;0
face_user_1_1335443680489;1.2;1;40;25452260;0
face_user_1_1335443680489;1.2;2;40;25868722;0
face_user_1_1335443680489;1.2;3;40;25893099;0
face_user_1_1335443680489;1.25;1;40;27656454;0
face_user_1_1335443680489;1.25;2;40;26633622;0
face_user_1_1335443680489;1.25;3;40;28199605;0
face_user_1_1335443680489;1.3;1;40;27782789;0
face_user_1_1335443680489;1.3;2;40;27606513;0
face_user_1_1335443680489;1.3;3;40;27578372;0
face_user_1_1335443680489;1.35;1;40;27050369;0
face_user_1_1335443680489;1.35;2;40;22636043;0
face_user_1_1335443680489;1.35;3;40;22775243;0
face_user_1_1335443659721;1.05;1;40;27101702;0
face_user_1_1335443659721;1.05;2;40;26955937;0
face_user_1_1335443659721;1.05;3;40;27276658;0
face_user_1_1335443659721;1.1;1;40;26902654;0
face_user_1_1335443659721;1.1;2;40;25073720;0
face_user_1_1335443659721;1.1;3;40;25558904;0
face_user_1_1335443659721;1.15;1;40;28128504;0
face_user_1_1335443659721;1.15;2;40;26579428;0
face_user_1_1335443659721;1.15;3;40;27412986;0
face_user_1_1335443659721;1.2;1;40;27474446;0
face_user_1_1335443659721;1.2;2;40;27729430;0
face_user_1_1335443659721;1.2;3;40;27244528;0
face_user_1_1335443659721;1.25;1;40;27330357;0
face_user_1_1335443659721;1.25;2;40;22041915;0
face_user_1_1335443659721;1.25;3;40;22267914;0
face_user_1_1335443659721;1.3;1;40;22759667;0
face_user_1_1335443659721;1.3;2;40;23311623;0
face_user_1_1335443659721;1.3;3;40;23238782;0
face_user_1_1335443659721;1.35;1;40;23785420;0
face_user_1_1335443659721;1.35;2;40;24381178;0
face_user_1_1335443659721;1.35;3;40;24633789;0
face_user_1_1335443678612;1.05;1;40;28861911;0
face_user_1_1335443678612;1.05;2;40;29255116;0
face_user_1_1335443678612;1.05;3;40;30155435;0
face_user_1_1335443678612;1.1;1;40;28269938;0
face_user_1_1335443678612;1.1;2;40;28530796;0
face_user_1_1335443678612;1.1;3;40;28152324;0
face_user_1_1335443678612;1.15;1;40;28084926;0
face_user_1_1335443678612;1.15;2;40;27193611;0
face_user_1_1335443678612;1.15;3;40;22930913;0
face_user_1_1335443678612;1.2;1;40;23432103;0
face_user_1_1335443678612;1.2;2;40;23505925;0
face_user_1_1335443678612;1.2;3;40;24030987;0
face_user_1_1335443678612;1.25;1;40;23755051;0
face_user_1_1335443678612;1.25;2;40;24317126;0
face_user_1_1335443678612;1.25;3;40;24752593;0
face_user_1_1335443678612;1.3;1;40;25157107;0
face_user_1_1335443678612;1.3;2;40;25749566;0
face_user_1_1335443678612;1.3;3;40;26591374;0
face_user_1_1335443678612;1.35;1;40;26898465;0
face_user_1_1335443678612;1.35;2;40;27243894;0
face_user_1_1335443678612;1.35;3;40;28046657;0
face_user_1_1335443661189;1.05;1;40;31531383;0
face_user_1_1335443661189;1.05;2;40;28789206;0
face_user_1_1335443661189;1.05;3;40;24207890;0
face_user_1_1335443661189;1.1;1;40;23194785;0
face_user_1_1335443661189;1.1;2;40;23533439;0
face_user_1_1335443661189;1.1;3;40;23979589;0
face_user_1_1335443661189;1.15;1;40;24033920;0
face_user_1_1335443661189;1.15;2;40;24126596;0
face_user_1_1335443661189;1.15;3;40;24982859;0
face_user_1_1335443661189;1.2;1;40;26740064;0
face_user_1_1335443661189;1.2;2;40;26969553;0
face_user_1_1335443661189;1.2;3;40;25646489;0
face_user_1_1335443661189;1.25;1;40;25766969;0
face_user_1_1335443661189;1.25;2;40;26541294;0
face_user_1_1335443661189;1.25;3;40;27564465;0
face_user_1_1335443661189;1.3;1;40;26385480;0
face_user_1_1335443661189;1.3;2;40;26148367;0
face_user_1_1335443661189;1.3;3;40;22289288;0
face_user_1_1335443661189;1.35;1;40;22155820;0
face_user_1_1335443661189;1.35;2;40;22504465;0
face_user_1_1335443661189;1.35;3;40;22633817;0
