face_user_1_1335443666855;1.05;1;40;156380365;0
face_user_1_1335443666855;1.05;2;40;43768485;0
face_user_1_1335443666855;1.05;3;40;34543357;0
face_user_1_1335443666855;1.1;1;40;32027189;0
face_user_1_1335443666855;1.1;2;40;32441625;0
face_user_1_1335443666855;1.1;3;40;30841282;0
face_user_1_1335443666855;1.15;1;40;31273252;0
face_user_1_1335443666855;1.15;2;40;30616948;0
face_user_1_1335443666855;1.15;3;40;30878302;0
face_user_1_1335443666855;1.2;1;40;30326829;0
face_user_1_1335443666855;1.2;2;40;30590339;0
face_user_1_1335443666855;1.2;3;40;30561710;0
face_user_1_1335443666855;1.25;1;40;29382929;0
face_user_1_1335443666855;1.25;2;40;29505846;0
face_user_1_1335443666855;1.25;3;40;30397163;0
face_user_1_1335443666855;1.3;1;40;29342765;0
face_user_1_1335443666855;1.3;2;40;31988916;0
face_user_1_1335443666855;1.3;3;40;33339153;0
face_user_1_1335443666855;1.35;1;40;29307081;0
face_user_1_1335443666855;1.35;2;40;29280610;0
face_user_1_1335443666855;1.35;3;40;29748967;0
face_user_1_1335443665391;1.05;1;40;36711996;0
face_user_1_1335443665391;1.05;2;40;37633139;0
face_user_1_1335443665391;1.05;3;40;40525192;0
face_user_1_1335443665391;1.1;1;40;34332930;1
face_user_1_1335443665391;1.1;2;40;34556068;1
face_user_1_1335443665391;1.1;3;40;35327400;0
face_user_1_1335443665391;1.15;1;40;36822137;1
face_user_1_1335443665391;1.15;2;40;33111545;0
face_user_1_1335443665391;1.15;3;40;34356953;0
face_user_1_1335443665391;1.2;1;40;34247094;0
face_user_1_1335443665391;1.2;2;40;32458455;0
face_user_1_1335443665391;1.2;3;40;33017815;0
face_user_1_1335443665391;1.25;1;40;32533747;1
face_user_1_1335443665391;1.25;2;40;30484464;0
face_user_1_1335443665391;1.25;3;40;34796046;0
face_user_1_1335443665391;1.3;1;40;32443301;0
face_user_1_1335443665391;1.3;2;40;30515124;0
face_user_1_1335443665391;1.3;3;40;32998331;0
face_user_1_1335443665391;1.35;1;40;29876004;0
face_user_1_1335443665391;1.35;2;40;30202934;0
face_user_1_1335443665391;1.35;3;40;32967669;0
face_user_1_1335443671131;1.05;1;40;43298733;0
face_user_1_1335443671131;1.05;2;40;44443220;0
face_user_1_1335443671131;1.05;3;40;46675420;0
face_user_1_1335443671131;1.1;1;40;36316205;0
face_user_1_1335443671131;1.1;2;40;34025140;0
face_user_1_1335443671131;1.1;3;40;31691811;0
face_user_1_1335443671131;1.15;1;40;31527399;0
face_user_1_1335443671131;1.15;2;40;32515940;0
face_user_1_1335443671131;1.15;3;40;31551497;0
face_user_1_1335443671131;1.2;1;40;30885003;0
face_user_1_1335443671131;1.2;2;40;31343025;0
face_user_1_1335443671131;1.2;3;40;31071688;0
face_user_1_1335443671131;1.25;1;40;30510304;0
face_user_1_1335443671131;1.25;2;40;29613818;0
face_user_1_1335443671131;1.25;3;40;31604788;0
face_user_1_1335443671131;1.3;1;40;30288629;0
face_user_1_1335443671131;1.3;2;40;32788666;0
face_user_1_1335443671131;1.3;3;40;32355582;0
face_user_1_1335443671131;1.35;1;40;30165498;0
face_user_1_1335443671131;1.35;2;40;31506100;0
face_user_1_1335443671131;1.35;3;40;31995901;0
face_user_1_1335443674098;1.05;1;40;37782319;0
face_user_1_1335443674098;1.05;2;40;36582514;0
face_user_1_1335443674098;1.05;3;40;37284911;0
face_user_1_1335443674098;1.1;1;40;32059103;0
face_user_1_1335443674098;1.1;2;40;31466294;0
face_user_1_1335443674098;1.1;3;40;33456906;0
face_user_1_1335443674098;1.15;1;40;31360552;0
face_user_1_1335443674098;1.15;2;40;30943602;0
face_user_1_1335443674098;1.15;3;40;32530532;0
face_user_1_1335443674098;1.2;1;40;31632722;0
face_user_1_1335443674098;1.2;2;40;30244212;0
face_user_1_1335443674098;1.2;3;40;30965039;0
face_user_1_1335443674098;1.25;1;40;31378148;0
face_user_1_1335443674098;1.25;2;40;30097126;0
face_user_1_1335443674098;1.25;3;40;30081339;0
face_user_1_1335443674098;1.3;1;40;31506590;0
face_user_1_1335443674098;1.3;2;40;30031264;0
face_user_1_1335443674098;1.3;3;40;29895772;0
face_user_1_1335443674098;1.35;1;40;30889754;0
face_user_1_1335443674098;1.35;2;40;32176298;0
face_user_1_1335443674098;1.35;3;40;29466592;0
face_user_1_1335443660475;1.05;1;40;34603217;0
face_user_1_1335443660475;1.05;2;40;34345357;0
face_user_1_1335443660475;1.05;3;40;33706102;0
face_user_1_1335443660475;1.1;1;40;31305028;0
face_user_1_1335443660475;1.1;2;40;31594869;0
face_user_1_1335443660475;1.1;3;40;30518130;0
face_user_1_1335443660475;1.15;1;40;30837509;0
face_user_1_1335443660475;1.15;2;40;31576571;0
face_user_1_1335443660475;1.15;3;40;30181213;0
face_user_1_1335443660475;1.2;1;40;30009963;0
face_user_1_1335443660475;1.2;2;40;30833668;0
face_user_1_1335443660475;1.2;3;40;30175835;0
face_user_1_1335443660475;1.25;1;40;29502773;0
face_user_1_1335443660475;1.25;2;40;29024503;0
face_user_1_1335443660475;1.25;3;40;30753423;0
face_user_1_1335443660475;1.3;1;40;29391447;0
face_user_1_1335443660475;1.3;2;40;31644104;0
face_user_1_1335443660475;1.3;3;40;31155363;0
face_user_1_1335443660475;1.35;1;40;29018912;0
face_user_1_1335443660475;1.35;2;40;29082261;0
face_user_1_1335443660475;1.35;3;40;29538323;0
face_user_1_1335443681875;1.05;1;40;35200566;0
face_user_1_1335443681875;1.05;2;40;34387124;0
face_user_1_1335443681875;1.05;3;40;36394015;0
face_user_1_1335443681875;1.1;1;40;32008819;0
face_user_1_1335443681875;1.1;2;40;30831016;0
face_user_1_1335443681875;1.1;3;40;35125904;0
face_user_1_1335443681875;1.15;1;40;36093208;0
face_user_1_1335443681875;1.15;2;40;33668805;0
face_user_1_1335443681875;1.15;3;40;36416852;0
face_user_1_1335443681875;1.2;1;40;31532432;0
face_user_1_1335443681875;1.2;2;40;30286395;0
face_user_1_1335443681875;1.2;3;40;29565982;0
face_user_1_1335443681875;1.25;1;40;31706266;0
face_user_1_1335443681875;1.25;2;40;29344789;0
face_user_1_1335443681875;1.25;3;40;29185207;0
face_user_1_1335443681875;1.3;1;40;31610864;0
face_user_1_1335443681875;1.3;2;40;28751354;0
face_user_1_1335443681875;1.3;3;40;29808329;0
face_user_1_1335443681875;1.35;1;40;30303712;0
face_user_1_1335443681875;1.35;2;40;29918191;0
face_user_1_1335443681875;1.35;3;40;29726895;0
face_user_1_1335443671875;1.05;1;40;37720161;0
face_user_1_1335443671875;1.05;2;40;36557369;0
face_user_1_1335443671875;1.05;3;40;35944939;0
face_user_1_1335443671875;1.1;1;40;33072013;0
face_user_1_1335443671875;1.1;2;40;33261000;0
face_user_1_1335443671875;1.1;3;40;32401608;0
face_user_1_1335443671875;1.15;1;40;31583485;0
face_user_1_1335443671875;1.15;2;40;33108187;0
face_user_1_1335443671875;1.15;3;40;31528454;0
face_user_1_1335443671875;1.2;1;40;31139226;0
face_user_1_1335443671875;1.2;2;40;31937369;0
face_user_1_1335443671875;1.2;3;40;31141184;0
face_user_1_1335443671875;1.25;1;40;29916093;0
face_user_1_1335443671875;1.25;2;40;31452743;0
face_user_1_1335443671875;1.25;3;40;30443258;0
face_user_1_1335443671875;1.3;1;40;30745107;0
face_user_1_1335443671875;1.3;2;40;40206019;0
face_user_1_1335443671875;1.3;3;40;37328286;0
face_user_1_1335443671875;1.35;1;40;32283154;0
face_user_1_1335443671875;1.35;2;40;31362926;0
face_user_1_1335443671875;1.35;3;40;29861272;0
face_user_1_1335443676848;1.05;1;40;31820527;0
face_user_1_1335443676848;1.05;2;40;35014647;0
face_user_1_1335443676848;1.05;3;40;33768749;0
face_user_1_1335443676848;1.1;1;40;29788984;0
face_user_1_1335443676848;1.1;2;40;30091675;0
face_user_1_1335443676848;1.1;3;40;31731553;0
face_user_1_1335443676848;1.15;1;40;29382993;0
face_user_1_1335443676848;1.15;2;40;29297440;0
face_user_1_1335443676848;1.15;3;40;30845542;0
face_user_1_1335443676848;1.2;1;40;28729005;0
face_user_1_1335443676848;1.2;2;40;28901932;0
face_user_1_1335443676848;1.2;3;40;29478605;0
face_user_1_1335443676848;1.25;1;40;29363508;0
face_user_1_1335443676848;1.25;2;40;28582058;0
face_user_1_1335443676848;1.25;3;40;28697573;0
face_user_1_1335443676848;1.3;1;40;29228228;0
face_user_1_1335443676848;1.3;2;40;29142324;0
face_user_1_1335443676848;1.3;3;40;28706934;0
face_user_1_1335443676848;1.35;1;40;28530725;0
face_user_1_1335443676848;1.35;2;40;30801398;0
face_user_1_1335443676848;1.35;3;40;30433062;0
face_user_1_1335443669056;1.05;1;40;29877193;0
face_user_1_1335443669056;1.05;2;40;31521952;0
face_user_1_1335443669056;1.05;3;40;30681979;0
face_user_1_1335443669056;1.1;1;40;28916667;0
face_user_1_1335443669056;1.1;2;40;29540068;0
face_user_1_1335443669056;1.1;3;40;29737998;0
face_user_1_1335443669056;1.15;1;40;28416465;0
face_user_1_1335443669056;1.15;2;40;28487563;0
face_user_1_1335443669056;1.15;3;40;30061362;0
face_user_1_1335443669056;1.2;1;40;28327063;0
face_user_1_1335443669056;1.2;2;40;28561735;0
face_user_1_1335443669056;1.2;3;40;29420081;0
face_user_1_1335443669056;1.25;1;40;28880630;0
face_user_1_1335443669056;1.25;2;40;28134513;0
face_user_1_1335443669056;1.25;3;40;28164126;0
face_user_1_1335443669056;1.3;1;40;29292903;0
face_user_1_1335443669056;1.3;2;40;28197854;0
face_user_1_1335443669056;1.3;3;40;28230412;0
face_user_1_1335443669056;1.35;1;40;28324478;0
face_user_1_1335443669056;1.35;2;40;30042648;0
face_user_1_1335443669056;1.35;3;40;28351162;0
face_user_1_1335443683236;1.05;1;40;37143830;0
face_user_1_1335443683236;1.05;2;40;38921567;0
face_user_1_1335443683236;1.05;3;40;37436818;0
face_user_1_1335443683236;1.1;1;40;32527322;0
face_user_1_1335443683236;1.1;2;40;33795429;0
face_user_1_1335443683236;1.1;3;40;32481643;0
face_user_1_1335443683236;1.15;1;40;31563510;0
face_user_1_1335443683236;1.15;2;40;32408105;0
face_user_1_1335443683236;1.15;3;40;31586976;0
face_user_1_1335443683236;1.2;1;40;30648311;0
face_user_1_1335443683236;1.2;2;40;32198789;0
face_user_1_1335443683236;1.2;3;40;30980546;0
face_user_1_1335443683236;1.25;1;40;29551035;0
face_user_1_1335443683236;1.25;2;40;31081601;0
face_user_1_1335443683236;1.25;3;40;30142454;0
face_user_1_1335443683236;1.3;1;40;29594615;0
face_user_1_1335443683236;1.3;2;40;29981537;0
face_user_1_1335443683236;1.3;3;40;32122730;0
face_user_1_1335443683236;1.35;1;40;29037213;0
face_user_1_1335443683236;1.35;2;40;29147074;0
face_user_1_1335443683236;1.35;3;40;32773581;0
face_user_1_1335443656155;1.05;1;40;99709116;0
face_user_1_1335443656155;1.05;2;40;91668015;0
face_user_1_1335443656155;1.05;3;40;92404208;0
face_user_1_1335443656155;1.1;1;40;60176506;0
face_user_1_1335443656155;1.1;2;40;59494161;0
face_user_1_1335443656155;1.1;3;40;61935525;0
face_user_1_1335443656155;1.15;1;40;54087816;0
face_user_1_1335443656155;1.15;2;40;52045096;0
face_user_1_1335443656155;1.15;3;40;53436196;0
face_user_1_1335443656155;1.2;1;40;47423487;0
face_user_1_1335443656155;1.2;2;40;49404679;0
face_user_1_1335443656155;1.2;3;40;51530157;0
face_user_1_1335443656155;1.25;1;40;46352750;1
face_user_1_1335443656155;1.25;2;40;43974866;0
face_user_1_1335443656155;1.25;3;40;42944566;0
face_user_1_1335443656155;1.3;1;40;42714927;0
face_user_1_1335443656155;1.3;2;40;42248529;0
face_user_1_1335443656155;1.3;3;40;43873321;0
face_user_1_1335443656155;1.35;1;40;39784878;1
face_user_1_1335443656155;1.35;2;40;40821042;1
face_user_1_1335443656155;1.35;3;40;41953098;1
face_user_1_1335443666186;1.05;1;40;37062049;0
face_user_1_1335443666186;1.05;2;40;36888139;0
face_user_1_1335443666186;1.05;3;40;35462819;0
face_user_1_1335443666186;1.1;1;40;32698991;0
face_user_1_1335443666186;1.1;2;40;32757308;0
face_user_1_1335443666186;1.1;3;40;31308381;0
face_user_1_1335443666186;1.15;1;40;31764864;0
face_user_1_1335443666186;1.15;2;40;32182932;0
face_user_1_1335443666186;1.15;3;40;30481251;0
face_user_1_1335443666186;1.2;1;40;29928318;0
face_user_1_1335443666186;1.2;2;40;31590326;0
face_user_1_1335443666186;1.2;3;40;29817062;0
face_user_1_1335443666186;1.25;1;40;29247925;0
face_user_1_1335443666186;1.25;2;40;31460215;0
face_user_1_1335443666186;1.25;3;40;29668788;0
face_user_1_1335443666186;1.3;1;40;29477209;0
face_user_1_1335443666186;1.3;2;40;29625765;0
face_user_1_1335443666186;1.3;3;40;30819561;0
face_user_1_1335443666186;1.35;1;40;29108033;0
face_user_1_1335443666186;1.35;2;40;29282846;0
face_user_1_1335443666186;1.35;3;40;29505775;0
face_user_1_1335443664700;1.05;1;40;42787913;0
face_user_1_1335443664700;1.05;2;40;36703412;0
face_user_1_1335443664700;1.05;3;40;39809674;0
face_user_1_1335443664700;1.1;1;40;33238513;0
face_user_1_1335443664700;1.1;2;40;32089625;0
face_user_1_1335443664700;1.1;3;40;33280000;0
face_user_1_1335443664700;1.15;1;40;31309358;0
face_user_1_1335443664700;1.15;2;40;31296579;0
face_user_1_1335443664700;1.15;3;40;31205226;0
face_user_1_1335443664700;1.2;1;40;32132158;0
face_user_1_1335443664700;1.2;2;40;30495568;0
face_user_1_1335443664700;1.2;3;40;31442758;0
face_user_1_1335443664700;1.25;1;40;29836194;0
face_user_1_1335443664700;1.25;2;40;30007726;0
face_user_1_1335443664700;1.25;3;40;29734506;0
face_user_1_1335443664700;1.3;1;40;31754459;0
face_user_1_1335443664700;1.3;2;40;29622621;0
face_user_1_1335443664700;1.3;3;40;29384675;0
face_user_1_1335443664700;1.35;1;40;30404282;0
face_user_1_1335443664700;1.35;2;40;29287247;0
face_user_1_1335443664700;1.35;3;40;28903467;0
face_user_1_1335443664005;1.05;1;40;36142512;0
face_user_1_1335443664005;1.05;2;40;36684067;0
face_user_1_1335443664005;1.05;3;40;35292548;0
face_user_1_1335443664005;1.1;1;40;32420459;0
face_user_1_1335443664005;1.1;2;40;31789589;0
face_user_1_1335443664005;1.1;3;40;31262218;0
face_user_1_1335443664005;1.15;1;40;31758993;0
face_user_1_1335443664005;1.15;2;40;32185450;0
face_user_1_1335443664005;1.15;3;40;31419848;0
face_user_1_1335443664005;1.2;1;40;30302662;0
face_user_1_1335443664005;1.2;2;40;31765425;0
face_user_1_1335443664005;1.2;3;40;31178126;0
face_user_1_1335443664005;1.25;1;40;29659429;0
face_user_1_1335443664005;1.25;2;40;30733870;0
face_user_1_1335443664005;1.25;3;40;29245056;0
face_user_1_1335443664005;1.3;1;40;30617511;0
face_user_1_1335443664005;1.3;2;40;30736242;0
face_user_1_1335443664005;1.3;3;40;29774312;0
face_user_1_1335443664005;1.35;1;40;28937135;0
face_user_1_1335443664005;1.35;2;40;29053205;0
face_user_1_1335443664005;1.35;3;40;30305319;0
face_user_1_1335443657517;1.05;1;40;34589456;0
face_user_1_1335443657517;1.05;2;40;34538607;0
face_user_1_1335443657517;1.05;3;40;36132037;0
face_user_1_1335443657517;1.1;1;40;31161158;0
face_user_1_1335443657517;1.1;2;40;30980197;0
face_user_1_1335443657517;1.1;3;40;32390010;0
face_user_1_1335443657517;1.15;1;40;32955453;0
face_user_1_1335443657517;1.15;2;40;30811110;0
face_user_1_1335443657517;1.15;3;40;30261106;0
face_user_1_1335443657517;1.2;1;40;32403147;0
face_user_1_1335443657517;1.2;2;40;29862596;0
face_user_1_1335443657517;1.2;3;40;30056267;0
face_user_1_1335443657517;1.25;1;40;30312164;0
face_user_1_1335443657517;1.25;2;40;29360367;0
face_user_1_1335443657517;1.25;3;40;28853740;0
face_user_1_1335443657517;1.3;1;40;31310616;0
face_user_1_1335443657517;1.3;2;40;32103381;0
face_user_1_1335443657517;1.3;3;40;32033127;0
face_user_1_1335443657517;1.35;1;40;31564209;0
face_user_1_1335443657517;1.35;2;40;31153190;0
face_user_1_1335443657517;1.35;3;40;28610554;0
face_user_1_1335443681108;1.05;1;40;34445650;0
face_user_1_1335443681108;1.05;2;40;35772495;0
face_user_1_1335443681108;1.05;3;40;34024511;0
face_user_1_1335443681108;1.1;1;40;31735670;0
face_user_1_1335443681108;1.1;2;40;33140318;0
face_user_1_1335443681108;1.1;3;40;36784704;0
face_user_1_1335443681108;1.15;1;40;32129922;0
face_user_1_1335443681108;1.15;2;40;31712206;0
face_user_1_1335443681108;1.15;3;40;31923333;0
face_user_1_1335443681108;1.2;1;40;29692464;0
face_user_1_1335443681108;1.2;2;40;30933332;0
face_user_1_1335443681108;1.2;3;40;29747359;0
face_user_1_1335443681108;1.25;1;40;29099370;0
face_user_1_1335443681108;1.25;2;40;31251532;0
face_user_1_1335443681108;1.25;3;40;28963595;0
face_user_1_1335443681108;1.3;1;40;29174596;0
face_user_1_1335443681108;1.3;2;40;29706359;0
face_user_1_1335443681108;1.3;3;40;30189593;0
face_user_1_1335443681108;1.35;1;40;28718106;0
face_user_1_1335443681108;1.35;2;40;28863449;0
face_user_1_1335443681108;1.35;3;40;29740517;0
face_user_1_1335443669667;1.05;1;40;32278545;0
face_user_1_1335443669667;1.05;2;40;32498545;0
face_user_1_1335443669667;1.05;3;40;33367232;0
face_user_1_1335443669667;1.1;1;40;30277943;0
face_user_1_1335443669667;1.1;2;40;30118705;0
face_user_1_1335443669667;1.1;3;40;30269840;0
face_user_1_1335443669667;1.15;1;40;31201732;0
face_user_1_1335443669667;1.15;2;40;29704615;0
face_user_1_1335443669667;1.15;3;40;29825370;0
face_user_1_1335443669667;1.2;1;40;30781500;0
face_user_1_1335443669667;1.2;2;40;29463105;0
face_user_1_1335443669667;1.2;3;40;29137503;0
face_user_1_1335443669667;1.25;1;40;29776967;0
face_user_1_1335443669667;1.25;2;40;29360789;0
face_user_1_1335443669667;1.25;3;40;28399563;0
face_user_1_1335443669667;1.3;1;40;28688496;0
face_user_1_1335443669667;1.3;2;40;30290722;0
face_user_1_1335443669667;1.3;3;40;28552512;0
face_user_1_1335443669667;1.35;1;40;28242979;0
face_user_1_1335443669667;1.35;2;40;28784034;0
face_user_1_1335443669667;1.35;3;40;29145747;0
face_user_1_1335443661909;1.05;1;40;32622306;0
face_user_1_1335443661909;1.05;2;40;32743267;0
face_user_1_1335443661909;1.05;3;40;33812962;0
face_user_1_1335443661909;1.1;1;40;30173741;0
face_user_1_1335443661909;1.1;2;40;30978167;0
face_user_1_1335443661909;1.1;3;40;31575666;0
face_user_1_1335443661909;1.15;1;40;29486501;0
face_user_1_1335443661909;1.15;2;40;29632120;0
face_user_1_1335443661909;1.15;3;40;29723053;0
face_user_1_1335443661909;1.2;1;40;30247564;0
face_user_1_1335443661909;1.2;2;40;29339136;0
face_user_1_1335443661909;1.2;3;40;29267339;0
face_user_1_1335443661909;1.25;1;40;29754547;0
face_user_1_1335443661909;1.25;2;40;28458510;0
face_user_1_1335443661909;1.25;3;40;28222234;0
face_user_1_1335443661909;1.3;1;40;29908694;0
face_user_1_1335443661909;1.3;2;40;28919178;0
face_user_1_1335443661909;1.3;3;40;28607551;0
face_user_1_1335443661909;1.35;1;40;28470026;0
face_user_1_1335443661909;1.35;2;40;29680174;0
face_user_1_1335443661909;1.35;3;40;28164687;0
face_user_1_1335443682512;1.05;1;40;37028726;0
face_user_1_1335443682512;1.05;2;40;37882125;0
face_user_1_1335443682512;1.05;3;40;36383048;0
face_user_1_1335443682512;1.1;1;40;31922006;0
face_user_1_1335443682512;1.1;2;40;33269526;0
face_user_1_1335443682512;1.1;3;40;31603248;0
face_user_1_1335443682512;1.15;1;40;30931101;0
face_user_1_1335443682512;1.15;2;40;32624259;0
face_user_1_1335443682512;1.15;3;40;30648098;0
face_user_1_1335443682512;1.2;1;40;30367131;0
face_user_1_1335443682512;1.2;2;40;31312154;0
face_user_1_1335443682512;1.2;3;40;30309510;0
face_user_1_1335443682512;1.25;1;40;29415470;0
face_user_1_1335443682512;1.25;2;40;29586653;0
face_user_1_1335443682512;1.25;3;40;30703836;0
face_user_1_1335443682512;1.3;1;40;30110606;0
face_user_1_1335443682512;1.3;2;40;30132879;0
face_user_1_1335443682512;1.3;3;40;30480485;0
face_user_1_1335443682512;1.35;1;40;28997961;0
face_user_1_1335443682512;1.35;2;40;29266152;0
face_user_1_1335443682512;1.35;3;40;29041537;0
face_user_1_1335443670414;1.05;1;40;38135579;0
face_user_1_1335443670414;1.05;2;40;38338536;0
face_user_1_1335443670414;1.05;3;40;36895821;0
face_user_1_1335443670414;1.1;1;40;32103175;0
face_user_1_1335443670414;1.1;2;40;31189303;0
face_user_1_1335443670414;1.1;3;40;33100229;0
face_user_1_1335443670414;1.15;1;40;31054786;0
face_user_1_1335443670414;1.15;2;40;30901766;0
face_user_1_1335443670414;1.15;3;40;30611641;0
face_user_1_1335443670414;1.2;1;40;32532144;0
face_user_1_1335443670414;1.2;2;40;33301510;0
face_user_1_1335443670414;1.2;3;40;32750461;0
face_user_1_1335443670414;1.25;1;40;32020205;0
face_user_1_1335443670414;1.25;2;40;30561988;0
face_user_1_1335443670414;1.25;3;40;29144903;0
face_user_1_1335443670414;1.3;1;40;30727306;0
face_user_1_1335443670414;1.3;2;40;30392900;0
face_user_1_1335443670414;1.3;3;40;29190096;0
face_user_1_1335443670414;1.35;1;40;28835438;0
face_user_1_1335443670414;1.35;2;40;30096428;0
face_user_1_1335443670414;1.35;3;40;28765460;0
face_user_1_1335443672599;1.05;1;40;31877587;0
face_user_1_1335443672599;1.05;2;40;33593657;0
face_user_1_1335443672599;1.05;3;40;31758435;0
face_user_1_1335443672599;1.1;1;40;29513745;0
face_user_1_1335443672599;1.1;2;40;30533490;0
face_user_1_1335443672599;1.1;3;40;30046487;0
face_user_1_1335443672599;1.15;1;40;29515695;0
face_user_1_1335443672599;1.15;2;40;29471209;0
face_user_1_1335443672599;1.15;3;40;30005908;0
face_user_1_1335443672599;1.2;1;40;28791023;0
face_user_1_1335443672599;1.2;2;40;28972605;0
face_user_1_1335443672599;1.2;3;40;30137007;0
face_user_1_1335443672599;1.25;1;40;29786886;0
face_user_1_1335443672599;1.25;2;40;28651899;0
face_user_1_1335443672599;1.25;3;40;28345292;0
face_user_1_1335443672599;1.3;1;40;29869513;0
face_user_1_1335443672599;1.3;2;40;28673690;0
face_user_1_1335443672599;1.3;3;40;28284740;0
face_user_1_1335443672599;1.35;1;40;30061856;0
face_user_1_1335443672599;1.35;2;40;30187215;0
face_user_1_1335443672599;1.35;3;40;28361501;0
face_user_1_1335443680489;1.05;1;40;35271244;0
face_user_1_1335443680489;1.05;2;40;36168637;0
face_user_1_1335443680489;1.05;3;40;34553136;0
face_user_1_1335443680489;1.1;1;40;31844270;0
face_user_1_1335443680489;1.1;2;40;31815992;0
face_user_1_1335443680489;1.1;3;40;30905464;0
face_user_1_1335443680489;1.15;1;40;30168503;0
face_user_1_1335443680489;1.15;2;40;31550939;0
face_user_1_1335443680489;1.15;3;40;29928942;0
face_user_1_1335443680489;1.2;1;40;29712093;0
face_user_1_1335443680489;1.2;2;40;31142786;0
face_user_1_1335443680489;1.2;3;40;30197905;0
face_user_1_1335443680489;1.25;1;40;29253995;0
face_user_1_1335443680489;1.25;2;40;29202390;0
face_user_1_1335443680489;1.25;3;40;30307484;0
face_user_1_1335443680489;1.3;1;40;29138692;0
face_user_1_1335443680489;1.3;2;40;29245407;0
face_user_1_1335443680489;1.3;3;40;31156269;0
face_user_1_1335443680489;1.35;1;40;28823288;0
face_user_1_1335443680489;1.35;2;40;28889915;0
face_user_1_1335443680489;1.35;3;40;28652039;0
face_user_1_1335443659721;1.05;1;40;33707988;0
face_user_1_1335443659721;1.05;2;40;32378697;0
face_user_1_1335443659721;1.05;3;40;32470397;0
face_user_1_1335443659721;1.1;1;40;30573445;0
face_user_1_1335443659721;1.1;2;40;29948080;0
face_user_1_1335443659721;1.1;3;40;29706014;0
face_user_1_1335443659721;1.15;1;40;30547107;0
face_user_1_1335443659721;1.15;2;40;29462340;0
face_user_1_1335443659721;1.15;3;40;29323491;0
face_user_1_1335443659721;1.2;1;40;30241347;0
face_user_1_1335443659721;1.2;2;40;30056542;0
face_user_1_1335443659721;1.2;3;40;29006625;0
face_user_1_1335443659721;1.25;1;40;28390553;0
face_user_1_1335443659721;1.25;2;40;30643001;0
face_user_1_1335443659721;1.25;3;40;28494057;0
face_user_1_1335443659721;1.3;1;40;28407241;0
face_user_1_1335443659721;1.3;2;40;28906613;0
face_user_1_1335443659721;1.3;3;40;28868265;0
face_user_1_1335443659721;1.35;1;40;29357155;0
face_user_1_1335443659721;1.35;2;40;28489657;0
face_user_1_1335443659721;1.35;3;40;28255826;0
face_user_1_1335443678612;1.05;1;40;33939932;0
face_user_1_1335443678612;1.05;2;40;32678529;0
face_user_1_1335443678612;1.05;3;40;33859195;0
face_user_1_1335443678612;1.1;1;40;30279475;0
face_user_1_1335443678612;1.1;2;40;30249033;0
face_user_1_1335443678612;1.1;3;40;31070638;0
face_user_1_1335443678612;1.15;1;40;30163823;0
face_user_1_1335443678612;1.15;2;40;29622549;0
face_user_1_1335443678612;1.15;3;40;29687020;0
face_user_1_1335443678612;1.2;1;40;30904206;0
face_user_1_1335443678612;1.2;2;40;29372591;0
face_user_1_1335443678612;1.2;3;40;28934472;0
face_user_1_1335443678612;1.25;1;40;30379287;0
face_user_1_1335443678612;1.25;2;40;29106421;0
face_user_1_1335443678612;1.25;3;40;28591556;0
face_user_1_1335443678612;1.3;1;40;29027850;0
face_user_1_1335443678612;1.3;2;40;30457717;0
face_user_1_1335443678612;1.3;3;40;28773492;0
face_user_1_1335443678612;1.35;1;40;28501249;0
face_user_1_1335443678612;1.35;2;40;29988591;0
face_user_1_1335443678612;1.35;3;40;28779844;0
face_user_1_1335443661189;1.05;1;40;30768163;0
face_user_1_1335443661189;1.05;2;40;31633490;0
face_user_1_1335443661189;1.05;3;40;32250537;0
face_user_1_1335443661189;1.1;1;40;29055374;0
face_user_1_1335443661189;1.1;2;40;30154811;0
face_user_1_1335443661189;1.1;3;40;30476712;0
face_user_1_1335443661189;1.15;1;40;28753374;0
face_user_1_1335443661189;1.15;2;40;28940694;0
face_user_1_1335443661189;1.15;3;40;29845206;0
face_user_1_1335443661189;1.2;1;40;29392494;0
face_user_1_1335443661189;1.2;2;40;28785015;0
face_user_1_1335443661189;1.2;3;40;28825172;0
face_user_1_1335443661189;1.25;1;40;29522893;0
face_user_1_1335443661189;1.25;2;40;28250307;0
face_user_1_1335443661189;1.25;3;40;27960959;0
face_user_1_1335443661189;1.3;1;40;29203853;0
face_user_1_1335443661189;1.3;2;40;29237305;0
face_user_1_1335443661189;1.3;3;40;28137451;0
face_user_1_1335443661189;1.35;1;40;28323572;0
face_user_1_1335443661189;1.35;2;40;29566190;0
face_user_1_1335443661189;1.35;3;40;27989662;0
