full_user_1_1333627711157;1.05;1;40;736063009;0
full_user_1_1333627711157;1.05;10;40;423847336;0
full_user_1_1333627711157;1.1;1;40;241946552;0
full_user_1_1333627711157;1.1;10;40;240285374;0
full_user_1_1333627711157;1.15;1;40;218570181;0
full_user_1_1333627711157;1.15;10;40;219480564;0
full_user_1_1333627711157;1.2;1;40;191275513;0
full_user_1_1333627711157;1.2;10;40;186926425;0
full_user_1_1333627711157;1.25;1;40;156668176;0
full_user_1_1333627711157;1.25;10;40;157074928;0
full_user_1_1333627711157;1.3;1;40;164421192;0
full_user_1_1333627711157;1.3;10;40;166909279;0
full_user_1_1333627711157;1.35;1;40;145832235;0
full_user_1_1333627711157;1.35;10;40;144779023;0
full_user_1_1333627711157;1.4;1;40;138561617;0
full_user_1_1333627711157;1.4;10;40;143389045;0
face_user_1_1333627711157;1.05;1;40;103854549;0
face_user_1_1333627711157;1.05;10;40;104536895;0
face_user_1_1333627711157;1.1;1;40;95364153;0
face_user_1_1333627711157;1.1;10;40;95053987;0
face_user_1_1333627711157;1.15;1;40;93209755;0
face_user_1_1333627711157;1.15;10;40;94812620;0
face_user_1_1333627711157;1.2;1;40;91972097;0
face_user_1_1333627711157;1.2;10;40;91859587;0
face_user_1_1333627711157;1.25;1;40;89592050;0
face_user_1_1333627711157;1.25;10;40;89982884;0
face_user_1_1333627711157;1.3;1;40;89967238;0
face_user_1_1333627711157;1.3;10;40;89614324;0
face_user_1_1333627711157;1.35;1;40;89506286;0
face_user_1_1333627711157;1.35;10;40;89482188;0
face_user_1_1333627711157;1.4;1;40;88490865;0
face_user_1_1333627711157;1.4;10;40;88707160;0
full_user_1_1333627715917;1.05;1;40;352568088;0
full_user_1_1333627715917;1.05;10;40;355638728;0
full_user_1_1333627715917;1.1;1;40;219052859;0
full_user_1_1333627715917;1.1;10;40;218492722;0
full_user_1_1333627715917;1.15;1;40;195213027;0
full_user_1_1333627715917;1.15;10;40;196161747;0
full_user_1_1333627715917;1.2;1;40;172082774;0
full_user_1_1333627715917;1.2;10;40;172826170;0
full_user_1_1333627715917;1.25;1;40;148574130;0
full_user_1_1333627715917;1.25;10;40;148784563;0
full_user_1_1333627715917;1.3;1;40;155132507;0
full_user_1_1333627715917;1.3;10;40;154388416;0
full_user_1_1333627715917;1.35;1;40;139654281;0
full_user_1_1333627715917;1.35;10;40;138865706;0
full_user_1_1333627715917;1.4;1;40;133279868;0
full_user_1_1333627715917;1.4;10;40;133401880;0
full_user_1_1333627707659;1.05;1;40;349395191;1
full_user_1_1333627707659;1.05;10;40;357461239;0
full_user_1_1333627707659;1.1;1;40;217645484;1
full_user_1_1333627707659;1.1;10;40;218341377;0
full_user_1_1333627707659;1.15;1;40;194022376;0
full_user_1_1333627707659;1.15;10;40;192839533;0
full_user_1_1333627707659;1.2;1;40;170973067;0
full_user_1_1333627707659;1.2;10;40;171400081;0
full_user_1_1333627707659;1.25;1;40;147625965;0
full_user_1_1333627707659;1.25;10;40;149091098;0
full_user_1_1333627707659;1.3;1;40;153834022;0
full_user_1_1333627707659;1.3;10;40;153350502;0
full_user_1_1333627707659;1.35;1;40;138678041;0
full_user_1_1333627707659;1.35;10;40;138079287;0
full_user_1_1333627707659;1.4;1;40;131699572;0
full_user_1_1333627707659;1.4;10;40;132011264;0
face_user_1_1333627716640;1.05;1;40;102131696;0
face_user_1_1333627716640;1.05;10;40;102100696;0
face_user_1_1333627716640;1.1;1;40;97009053;0
face_user_1_1333627716640;1.1;10;40;96004875;0
face_user_1_1333627716640;1.15;1;40;93156820;0
face_user_1_1333627716640;1.15;10;40;93285116;0
face_user_1_1333627716640;1.2;1;40;92412725;0
face_user_1_1333627716640;1.2;10;40;92006885;0
face_user_1_1333627716640;1.25;1;40;89772313;0
face_user_1_1333627716640;1.25;10;40;89888099;0
face_user_1_1333627716640;1.3;1;40;90360097;0
face_user_1_1333627716640;1.3;10;40;89871277;0
face_user_1_1333627716640;1.35;1;40;89997616;0
face_user_1_1333627716640;1.35;10;40;90707136;0
face_user_1_1333627716640;1.4;1;40;88879391;0
face_user_1_1333627716640;1.4;10;40;88660578;0
face_user_1_1333627714331;1.05;1;40;107843675;0
face_user_1_1333627714331;1.05;10;40;107265035;0
face_user_1_1333627714331;1.1;1;40;96816994;0
face_user_1_1333627714331;1.1;10;40;96969662;0
face_user_1_1333627714331;1.15;1;40;94627603;0
face_user_1_1333627714331;1.15;10;40;94682783;0
face_user_1_1333627714331;1.2;1;40;93765694;0
face_user_1_1333627714331;1.2;10;40;93371301;0
face_user_1_1333627714331;1.25;1;40;91062280;0
face_user_1_1333627714331;1.25;10;40;91556896;0
face_user_1_1333627714331;1.3;1;40;91470712;0
face_user_1_1333627714331;1.3;10;40;91399396;0
face_user_1_1333627714331;1.35;1;40;89949427;0
face_user_1_1333627714331;1.35;10;40;90317000;0
face_user_1_1333627714331;1.4;1;40;89922054;0
face_user_1_1333627714331;1.4;10;40;90057887;0
face_user_1_1333627713515;1.05;1;40;111130612;0
face_user_1_1333627713515;1.05;10;40;106322528;0
face_user_1_1333627713515;1.1;1;40;96882639;0
face_user_1_1333627713515;1.1;10;40;96911068;0
face_user_1_1333627713515;1.15;1;40;94673562;0
face_user_1_1333627713515;1.15;10;40;94617826;0
face_user_1_1333627713515;1.2;1;40;92546614;0
face_user_1_1333627713515;1.2;10;40;92319490;0
face_user_1_1333627713515;1.25;1;40;90960871;0
face_user_1_1333627713515;1.25;10;40;90831104;0
face_user_1_1333627713515;1.3;1;40;91387946;0
face_user_1_1333627713515;1.3;10;40;91066189;0
face_user_1_1333627713515;1.35;1;40;89969052;0
face_user_1_1333627713515;1.35;10;40;90031633;0
face_user_1_1333627713515;1.4;1;40;90120610;0
face_user_1_1333627713515;1.4;10;40;90050555;0
face_user_1_1333627709481;1.05;1;40;99995115;0
face_user_1_1333627709481;1.05;10;40;99118542;0
face_user_1_1333627709481;1.1;1;40;93110234;0
face_user_1_1333627709481;1.1;10;40;93549602;0
face_user_1_1333627709481;1.15;1;40;92156765;0
face_user_1_1333627709481;1.15;10;40;92385140;0
face_user_1_1333627709481;1.2;1;40;90963664;0
face_user_1_1333627709481;1.2;10;40;91287167;0
face_user_1_1333627709481;1.25;1;40;89546443;0
face_user_1_1333627709481;1.25;10;40;90052374;0
face_user_1_1333627709481;1.3;1;40;90281662;0
face_user_1_1333627709481;1.3;10;40;89627459;0
face_user_1_1333627709481;1.35;1;40;88310530;0
face_user_1_1333627709481;1.35;10;40;88578022;0
face_user_1_1333627709481;1.4;1;40;89016627;0
face_user_1_1333627709481;1.4;10;40;88284413;0
full_user_1_1333627706829;1.05;1;40;328723160;0
full_user_1_1333627706829;1.05;10;40;325374685;0
full_user_1_1333627706829;1.1;1;40;208605156;0
full_user_1_1333627706829;1.1;10;40;208287167;0
full_user_1_1333627706829;1.15;1;40;185627312;0
full_user_1_1333627706829;1.15;10;40;196080377;0
full_user_1_1333627706829;1.2;1;40;166042839;0
full_user_1_1333627706829;1.2;10;40;165733012;0
full_user_1_1333627706829;1.25;1;40;145542807;0
full_user_1_1333627706829;1.25;10;40;144611551;0
full_user_1_1333627706829;1.3;1;40;148777508;0
full_user_1_1333627706829;1.3;10;40;149388551;0
full_user_1_1333627706829;1.35;1;40;136389340;0
full_user_1_1333627706829;1.35;10;40;136474615;0
full_user_1_1333627706829;1.4;1;40;130027776;0
full_user_1_1333627706829;1.4;10;40;129662510;0
full_user_1_1333627711951;1.05;1;40;375276769;0
full_user_1_1333627711951;1.05;10;40;374645197;0
full_user_1_1333627711951;1.1;1;40;229204634;0
full_user_1_1333627711951;1.1;10;40;230073949;0
full_user_1_1333627711951;1.15;1;40;204551222;0
full_user_1_1333627711951;1.15;10;40;204356644;0
full_user_1_1333627711951;1.2;1;40;179613064;0
full_user_1_1333627711951;1.2;10;40;180881589;0
full_user_1_1333627711951;1.25;1;40;152426925;0
full_user_1_1333627711951;1.25;10;40;153759845;0
full_user_1_1333627711951;1.3;1;40;159429217;0
full_user_1_1333627711951;1.3;10;40;159194127;0
full_user_1_1333627711951;1.35;1;40;141917211;0
full_user_1_1333627711951;1.35;10;40;141861754;0
full_user_1_1333627711951;1.4;1;40;134742761;0
full_user_1_1333627711951;1.4;10;40;135250994;0
full_user_1_1333627713515;1.05;1;40;369405006;0
full_user_1_1333627713515;1.05;10;40;369053637;0
full_user_1_1333627713515;1.1;1;40;227594021;0
full_user_1_1333627713515;1.1;10;40;229927775;0
full_user_1_1333627713515;1.15;1;40;202214469;0
full_user_1_1333627713515;1.15;10;40;202239827;0
full_user_1_1333627713515;1.2;1;40;177287210;0
full_user_1_1333627713515;1.2;10;40;178242148;0
full_user_1_1333627713515;1.25;1;40;152267130;0
full_user_1_1333627713515;1.25;10;40;151866728;0
full_user_1_1333627713515;1.3;1;40;158266075;0
full_user_1_1333627713515;1.3;10;40;158377893;0
full_user_1_1333627713515;1.35;1;40;140980010;0
full_user_1_1333627713515;1.35;10;40;141873417;0
full_user_1_1333627713515;1.4;1;40;134036460;0
full_user_1_1333627713515;1.4;10;40;134414228;0
face_user_1_1333627711951;1.05;1;40;100105676;0
face_user_1_1333627711951;1.05;10;40;99925765;0
face_user_1_1333627711951;1.1;1;40;92917403;0
face_user_1_1333627711951;1.1;10;40;93420470;0
face_user_1_1333627711951;1.15;1;40;92233309;0
face_user_1_1333627711951;1.15;10;40;92358878;0
face_user_1_1333627711951;1.2;1;40;90836904;0
face_user_1_1333627711951;1.2;10;40;91007245;0
face_user_1_1333627711951;1.25;1;40;92382971;0
face_user_1_1333627711951;1.25;10;40;89595753;0
face_user_1_1333627711951;1.3;1;40;90264756;0
face_user_1_1333627711951;1.3;10;40;89842013;0
face_user_1_1333627711951;1.35;1;40;88913895;0
face_user_1_1333627711951;1.35;10;40;88533605;0
face_user_1_1333627711951;1.4;1;40;88916121;0
face_user_1_1333627711951;1.4;10;40;88687047;0
full_user_1_1333627702033;1.05;1;40;341236692;0
full_user_1_1333627702033;1.05;10;40;340618937;0
full_user_1_1333627702033;1.1;1;40;218226638;0
full_user_1_1333627702033;1.1;10;40;217038140;0
full_user_1_1333627702033;1.15;1;40;192176676;0
full_user_1_1333627702033;1.15;10;40;195037507;0
full_user_1_1333627702033;1.2;1;40;179371419;0
full_user_1_1333627702033;1.2;10;40;177682438;0
full_user_1_1333627702033;1.25;1;40;152048179;0
full_user_1_1333627702033;1.25;10;40;152012835;0
full_user_1_1333627702033;1.3;1;40;155770578;0
full_user_1_1333627702033;1.3;10;40;158041184;0
full_user_1_1333627702033;1.35;1;40;137902941;0
full_user_1_1333627702033;1.35;10;40;138230148;0
full_user_1_1333627702033;1.4;1;40;131545357;0
full_user_1_1333627702033;1.4;10;40;132687197;0
full_user_1_1333627715130;1.05;1;40;347469190;0
full_user_1_1333627715130;1.05;10;40;351368558;0
full_user_1_1333627715130;1.1;1;40;214910849;0
full_user_1_1333627715130;1.1;10;40;218970930;0
full_user_1_1333627715130;1.15;1;40;195910182;0
full_user_1_1333627715130;1.15;10;40;194806408;0
full_user_1_1333627715130;1.2;1;40;170365170;0
full_user_1_1333627715130;1.2;10;40;171708779;0
full_user_1_1333627715130;1.25;1;40;146769363;0
full_user_1_1333627715130;1.25;10;40;147032034;0
full_user_1_1333627715130;1.3;1;40;154892530;0
full_user_1_1333627715130;1.3;10;40;153140492;0
full_user_1_1333627715130;1.35;1;40;137413986;0
full_user_1_1333627715130;1.35;10;40;137191397;0
full_user_1_1333627715130;1.4;1;40;131621066;0
full_user_1_1333627715130;1.4;10;40;131734564;0
face_user_1_1333627715917;1.05;1;40;145510123;0
face_user_1_1333627715917;1.05;10;40;114620581;0
face_user_1_1333627715917;1.1;1;40;100311846;0
face_user_1_1333627715917;1.1;10;40;100178734;0
face_user_1_1333627715917;1.15;1;40;96960097;0
face_user_1_1333627715917;1.15;10;40;96995432;0
face_user_1_1333627715917;1.2;1;40;95457321;0
face_user_1_1333627715917;1.2;10;40;95644565;0
face_user_1_1333627715917;1.25;1;40;92981933;0
face_user_1_1333627715917;1.25;10;40;93300835;0
face_user_1_1333627715917;1.3;1;40;93048844;0
face_user_1_1333627715917;1.3;10;40;93233781;0
face_user_1_1333627715917;1.35;1;40;91855675;0
face_user_1_1333627715917;1.35;10;40;91412321;0
face_user_1_1333627715917;1.4;1;40;90342913;0
face_user_1_1333627715917;1.4;10;40;90879438;0
face_user_1_1333627702033;1.05;1;40;121411321;0
face_user_1_1333627702033;1.05;10;40;116909281;0
face_user_1_1333627702033;1.1;1;40;102369157;0
face_user_1_1333627702033;1.1;10;40;102537695;0
face_user_1_1333627702033;1.15;1;40;98831981;0
face_user_1_1333627702033;1.15;10;40;99100169;0
face_user_1_1333627702033;1.2;1;40;96253375;0
face_user_1_1333627702033;1.2;10;40;96561512;0
face_user_1_1333627702033;1.25;1;40;93168130;0
face_user_1_1333627702033;1.25;10;40;93503579;0
face_user_1_1333627702033;1.3;1;40;93826529;0
face_user_1_1333627702033;1.3;10;40;93197816;0
face_user_1_1333627702033;1.35;1;40;95160355;0
face_user_1_1333627702033;1.35;10;40;92201876;0
face_user_1_1333627702033;1.4;1;40;92079446;0
face_user_1_1333627702033;1.4;10;40;91867898;0
face_user_1_1333627705785;1.05;1;40;114390870;0
face_user_1_1333627705785;1.05;10;40;112796817;0
face_user_1_1333627705785;1.1;1;40;99610435;0
face_user_1_1333627705785;1.1;10;40;99744458;0
face_user_1_1333627705785;1.15;1;40;96819714;0
face_user_1_1333627705785;1.15;10;40;96871814;0
face_user_1_1333627705785;1.2;1;40;94236987;0
face_user_1_1333627705785;1.2;10;40;94246343;0
face_user_1_1333627705785;1.25;1;40;92968876;0
face_user_1_1333627705785;1.25;10;40;92788823;0
face_user_1_1333627705785;1.3;1;40;93164568;0
face_user_1_1333627705785;1.3;10;40;92796232;0
face_user_1_1333627705785;1.35;1;40;91910151;0
face_user_1_1333627705785;1.35;10;40;91278224;0
face_user_1_1333627705785;1.4;1;40;90285088;0
face_user_1_1333627705785;1.4;10;40;92219055;0
face_user_1_1333627712763;1.05;1;40;101446417;0
face_user_1_1333627712763;1.05;10;40;101136398;0
face_user_1_1333627712763;1.1;1;40;94128027;0
face_user_1_1333627712763;1.1;10;40;97373694;0
face_user_1_1333627712763;1.15;1;40;92410006;0
face_user_1_1333627712763;1.15;10;40;92206139;0
face_user_1_1333627712763;1.2;1;40;90889909;0
face_user_1_1333627712763;1.2;10;40;91374400;0
face_user_1_1333627712763;1.25;1;40;89572985;0
face_user_1_1333627712763;1.25;10;40;89620121;0
face_user_1_1333627712763;1.3;1;40;90331464;0
face_user_1_1333627712763;1.3;10;40;89849479;0
face_user_1_1333627712763;1.35;1;40;89806466;0
face_user_1_1333627712763;1.35;10;40;89672297;0
face_user_1_1333627712763;1.4;1;40;88857735;0
face_user_1_1333627712763;1.4;10;40;88723015;0
full_user_1_1333627705785;1.05;1;40;336669626;0
full_user_1_1333627705785;1.05;10;40;336405633;0
full_user_1_1333627705785;1.1;1;40;213829213;0
full_user_1_1333627705785;1.1;10;40;216254382;0
full_user_1_1333627705785;1.15;1;40;190465147;0
full_user_1_1333627705785;1.15;10;40;189352499;0
full_user_1_1333627705785;1.2;1;40;182907269;0
full_user_1_1333627705785;1.2;10;40;169605158;0
full_user_1_1333627705785;1.25;1;40;147611576;0
full_user_1_1333627705785;1.25;10;40;148422784;0
full_user_1_1333627705785;1.3;1;40;151289140;0
full_user_1_1333627705785;1.3;10;40;152551034;0
full_user_1_1333627705785;1.35;1;40;138194526;0
full_user_1_1333627705785;1.35;10;40;137652076;0
full_user_1_1333627705785;1.4;1;40;132079156;0
full_user_1_1333627705785;1.4;10;40;131634544;0
full_user_1_1333627716640;1.05;1;40;343499270;1
full_user_1_1333627716640;1.05;10;40;343585944;0
full_user_1_1333627716640;1.1;1;40;215586774;0
full_user_1_1333627716640;1.1;10;40;215863410;0
full_user_1_1333627716640;1.15;1;40;194041714;0
full_user_1_1333627716640;1.15;10;40;193600667;0
full_user_1_1333627716640;1.2;1;40;171466569;0
full_user_1_1333627716640;1.2;10;40;171909218;0
full_user_1_1333627716640;1.25;1;40;147508150;0
full_user_1_1333627716640;1.25;10;40;147273539;0
full_user_1_1333627716640;1.3;1;40;154099140;0
full_user_1_1333627716640;1.3;10;40;152748126;0
full_user_1_1333627716640;1.35;1;40;138418439;0
full_user_1_1333627716640;1.35;10;40;137999739;0
full_user_1_1333627716640;1.4;1;40;133186769;0
full_user_1_1333627716640;1.4;10;40;132818777;0
full_user_1_1333627708537;1.05;1;40;369449637;0
full_user_1_1333627708537;1.05;10;40;367628871;0
full_user_1_1333627708537;1.1;1;40;227380382;0
full_user_1_1333627708537;1.1;10;40;230268876;0
full_user_1_1333627708537;1.15;1;40;203934243;0
full_user_1_1333627708537;1.15;10;40;201460882;0
full_user_1_1333627708537;1.2;1;40;178973322;0
full_user_1_1333627708537;1.2;10;40;177975424;0
full_user_1_1333627708537;1.25;1;40;152197495;0
full_user_1_1333627708537;1.25;10;40;153300642;0
full_user_1_1333627708537;1.3;1;40;159644739;0
full_user_1_1333627708537;1.3;10;40;158972868;0
full_user_1_1333627708537;1.35;1;40;143481863;0
full_user_1_1333627708537;1.35;10;40;142385082;0
full_user_1_1333627708537;1.4;1;40;134020739;0
full_user_1_1333627708537;1.4;10;40;134766092;0
full_user_1_1333627710206;1.05;1;40;377206908;0
full_user_1_1333627710206;1.05;10;40;374817633;0
full_user_1_1333627710206;1.1;1;40;229593374;0
full_user_1_1333627710206;1.1;10;40;228958934;0
full_user_1_1333627710206;1.15;1;40;204295950;0
full_user_1_1333627710206;1.15;10;40;204033768;0
full_user_1_1333627710206;1.2;1;40;180187791;0
full_user_1_1333627710206;1.2;10;40;179010468;0
full_user_1_1333627710206;1.25;1;40;153480412;0
full_user_1_1333627710206;1.25;10;40;153101106;0
full_user_1_1333627710206;1.3;1;40;159855943;0
full_user_1_1333627710206;1.3;10;40;160971516;0
full_user_1_1333627710206;1.35;1;40;143014833;0
full_user_1_1333627710206;1.35;10;40;142420764;0
full_user_1_1333627710206;1.4;1;40;135470094;0
full_user_1_1333627710206;1.4;10;40;134433642;0
face_user_1_1333627706829;1.05;1;40;109799922;0
face_user_1_1333627706829;1.05;10;40;109732531;0
face_user_1_1333627706829;1.1;1;40;97936827;0
face_user_1_1333627706829;1.1;10;40;98356918;0
face_user_1_1333627706829;1.15;1;40;96260217;0
face_user_1_1333627706829;1.15;10;40;97825846;0
face_user_1_1333627706829;1.2;1;40;97021625;0
face_user_1_1333627706829;1.2;10;40;98494439;0
face_user_1_1333627706829;1.25;1;40;95828109;0
face_user_1_1333627706829;1.25;10;40;92741539;0
face_user_1_1333627706829;1.3;1;40;95056927;0
face_user_1_1333627706829;1.3;10;40;94668669;0
face_user_1_1333627706829;1.35;1;40;92719336;0
face_user_1_1333627706829;1.35;10;40;93392392;0
face_user_1_1333627706829;1.4;1;40;93231754;0
face_user_1_1333627706829;1.4;10;40;93187481;0
full_user_1_1333627709481;1.05;1;40;382070934;0
full_user_1_1333627709481;1.05;10;40;370833815;0
full_user_1_1333627709481;1.1;1;40;233571885;0
full_user_1_1333627709481;1.1;10;40;229317981;0
full_user_1_1333627709481;1.15;1;40;202557606;0
full_user_1_1333627709481;1.15;10;40;203198675;0
full_user_1_1333627709481;1.2;1;40;179693939;0
full_user_1_1333627709481;1.2;10;40;178846349;0
full_user_1_1333627709481;1.25;1;40;153629314;0
full_user_1_1333627709481;1.25;10;40;154367393;0
full_user_1_1333627709481;1.3;1;40;160895183;0
full_user_1_1333627709481;1.3;10;40;160216253;0
full_user_1_1333627709481;1.35;1;40;143050663;0
full_user_1_1333627709481;1.35;10;40;143409788;0
full_user_1_1333627709481;1.4;1;40;135761395;0
full_user_1_1333627709481;1.4;10;40;134605876;0
full_user_1_1333627714331;1.05;1;40;357871205;0
full_user_1_1333627714331;1.05;10;40;360372432;0
full_user_1_1333627714331;1.1;1;40;222654080;0
full_user_1_1333627714331;1.1;10;40;223585415;0
full_user_1_1333627714331;1.15;1;40;199835051;0
full_user_1_1333627714331;1.15;10;40;201383707;0
full_user_1_1333627714331;1.2;1;40;176859645;0
full_user_1_1333627714331;1.2;10;40;175097475;0
full_user_1_1333627714331;1.25;1;40;153799513;0
full_user_1_1333627714331;1.25;10;40;153565132;0
full_user_1_1333627714331;1.3;1;40;156836079;0
full_user_1_1333627714331;1.3;10;40;157152944;0
full_user_1_1333627714331;1.35;1;40;141105582;0
full_user_1_1333627714331;1.35;10;40;140715449;0
full_user_1_1333627714331;1.4;1;40;135143721;0
full_user_1_1333627714331;1.4;10;40;134619985;0
face_user_1_1333627715130;1.05;1;40;110648707;1
face_user_1_1333627715130;1.05;10;40;110036407;0
face_user_1_1333627715130;1.1;1;40;98348957;0
face_user_1_1333627715130;1.1;10;40;98730780;0
face_user_1_1333627715130;1.15;1;40;95576401;0
face_user_1_1333627715130;1.15;10;40;95461161;0
face_user_1_1333627715130;1.2;1;40;94148914;0
face_user_1_1333627715130;1.2;10;40;94058051;0
face_user_1_1333627715130;1.25;1;40;91782132;0
face_user_1_1333627715130;1.25;10;40;91346119;0
face_user_1_1333627715130;1.3;1;40;92337578;0
face_user_1_1333627715130;1.3;10;40;92039566;0
face_user_1_1333627715130;1.35;1;40;91367274;0
face_user_1_1333627715130;1.35;10;40;91320136;0
face_user_1_1333627715130;1.4;1;40;90439501;0
face_user_1_1333627715130;1.4;10;40;90510320;0
face_user_1_1333627708537;1.05;1;40;109478446;0
face_user_1_1333627708537;1.05;10;40;105267437;0
face_user_1_1333627708537;1.1;1;40;96782561;0
face_user_1_1333627708537;1.1;10;40;97347923;0
face_user_1_1333627708537;1.15;1;40;95516547;0
face_user_1_1333627708537;1.15;10;40;96689597;0
face_user_1_1333627708537;1.2;1;40;94809263;0
face_user_1_1333627708537;1.2;10;40;95871065;0
face_user_1_1333627708537;1.25;1;40;92751598;0
face_user_1_1333627708537;1.25;10;40;93664840;0
face_user_1_1333627708537;1.3;1;40;94181603;0
face_user_1_1333627708537;1.3;10;40;94015095;0
face_user_1_1333627708537;1.35;1;40;93603177;0
face_user_1_1333627708537;1.35;10;40;90549498;0
face_user_1_1333627708537;1.4;1;40;91873701;0
face_user_1_1333627708537;1.4;10;40;92312505;0
full_user_1_1333627712763;1.05;1;40;375434475;0
full_user_1_1333627712763;1.05;10;40;373201506;0
full_user_1_1333627712763;1.1;1;40;230700845;0
full_user_1_1333627712763;1.1;10;40;230821950;0
full_user_1_1333627712763;1.15;1;40;203372230;0
full_user_1_1333627712763;1.15;10;40;204202153;0
full_user_1_1333627712763;1.2;1;40;180366026;0
full_user_1_1333627712763;1.2;10;40;180514924;0
full_user_1_1333627712763;1.25;1;40;153354212;0
full_user_1_1333627712763;1.25;10;40;153909096;0
full_user_1_1333627712763;1.3;1;40;158270476;0
full_user_1_1333627712763;1.3;10;40;160114915;0
full_user_1_1333627712763;1.35;1;40;141995638;0
full_user_1_1333627712763;1.35;10;40;144211914;0
full_user_1_1333627712763;1.4;1;40;135317491;0
full_user_1_1333627712763;1.4;10;40;135687854;0
face_user_1_1333627707659;1.05;1;40;105686343;0
face_user_1_1333627707659;1.05;10;40;105587379;0
face_user_1_1333627707659;1.1;1;40;95544830;0
face_user_1_1333627707659;1.1;10;40;95789769;0
face_user_1_1333627707659;1.15;1;40;94346142;0
face_user_1_1333627707659;1.15;10;40;94378970;0
face_user_1_1333627707659;1.2;1;40;92433195;0
face_user_1_1333627707659;1.2;10;40;92373964;0
face_user_1_1333627707659;1.25;1;40;91017161;0
face_user_1_1333627707659;1.25;10;40;90801771;0
face_user_1_1333627707659;1.3;1;40;91351355;0
face_user_1_1333627707659;1.3;10;40;91001096;0
face_user_1_1333627707659;1.35;1;40;90022131;0
face_user_1_1333627707659;1.35;10;40;90299823;0
face_user_1_1333627707659;1.4;1;40;89924280;0
face_user_1_1333627707659;1.4;10;40;89867925;0
face_user_1_1333627710206;1.05;1;40;100236489;0
face_user_1_1333627710206;1.05;10;40;100376173;0
face_user_1_1333627710206;1.1;1;40;92988431;0
face_user_1_1333627710206;1.1;10;40;92947365;0
face_user_1_1333627710206;1.15;1;40;91544669;0
face_user_1_1333627710206;1.15;10;40;92103401;0
face_user_1_1333627710206;1.2;1;40;92018267;0
face_user_1_1333627710206;1.2;10;40;91120665;0
face_user_1_1333627710206;1.25;1;40;89787955;0
face_user_1_1333627710206;1.25;10;40;89969261;0
face_user_1_1333627710206;1.3;1;40;90216361;0
face_user_1_1333627710206;1.3;10;40;90491884;0
face_user_1_1333627710206;1.35;1;40;89126212;0
face_user_1_1333627710206;1.35;10;40;88524104;0
face_user_1_1333627710206;1.4;1;40;88621321;0
face_user_1_1333627710206;1.4;10;40;88745155;0
full_user_1_1333627711157;1.05;2;40;511528246;0
full_user_1_1333627711157;1.05;3;40;426787023;0
full_user_1_1333627711157;1.1;2;40;283475854;0
full_user_1_1333627711157;1.1;3;40;242717244;0
full_user_1_1333627711157;1.15;2;40;219301144;0
full_user_1_1333627711157;1.15;3;40;216628736;0
full_user_1_1333627711157;1.2;2;40;192612061;0
full_user_1_1333627711157;1.2;3;40;187509602;0
full_user_1_1333627711157;1.25;2;40;158936832;0
full_user_1_1333627711157;1.25;3;40;157726687;0
full_user_1_1333627711157;1.3;2;40;167234815;0
full_user_1_1333627711157;1.3;3;40;168993489;0
full_user_1_1333627711157;1.35;2;40;145344531;0
full_user_1_1333627711157;1.35;3;40;146633313;0
full_user_1_1333627711157;1.4;2;40;140006908;0
full_user_1_1333627711157;1.4;3;40;139934065;0
face_user_1_1333627711157;1.05;2;40;104315919;0
face_user_1_1333627711157;1.05;3;40;104090962;0
face_user_1_1333627711157;1.1;2;40;96182274;0
face_user_1_1333627711157;1.1;3;40;96361066;0
face_user_1_1333627711157;1.15;2;40;95313027;0
face_user_1_1333627711157;1.15;3;40;96295626;0
face_user_1_1333627711157;1.2;2;40;94897053;0
face_user_1_1333627711157;1.2;3;40;94322398;0
face_user_1_1333627711157;1.25;2;40;92111852;0
face_user_1_1333627711157;1.25;3;40;91250992;0
face_user_1_1333627711157;1.3;2;40;94790476;0
face_user_1_1333627711157;1.3;3;40;93025446;0
face_user_1_1333627711157;1.35;2;40;90297240;0
face_user_1_1333627711157;1.35;3;40;90119000;0
face_user_1_1333627711157;1.4;2;40;89006500;0
face_user_1_1333627711157;1.4;3;40;89139335;0
full_user_1_1333627715917;1.05;2;40;360793926;0
full_user_1_1333627715917;1.05;3;40;352103224;0
full_user_1_1333627715917;1.1;2;40;235672288;0
full_user_1_1333627715917;1.1;3;40;246913589;0
full_user_1_1333627715917;1.15;2;40;214383198;0
full_user_1_1333627715917;1.15;3;40;215328084;0
full_user_1_1333627715917;1.2;2;40;175864893;0
full_user_1_1333627715917;1.2;3;40;186628272;0
full_user_1_1333627715917;1.25;2;40;149358726;0
full_user_1_1333627715917;1.25;3;40;150192210;0
full_user_1_1333627715917;1.3;2;40;155012944;0
full_user_1_1333627715917;1.3;3;40;154931782;0
full_user_1_1333627715917;1.35;2;40;139580878;0
full_user_1_1333627715917;1.35;3;40;141512618;0
full_user_1_1333627715917;1.4;2;40;133775389;0
full_user_1_1333627715917;1.4;3;40;133281616;0
full_user_1_1333627707659;1.05;2;40;348483980;1
full_user_1_1333627707659;1.05;3;40;346121249;0
full_user_1_1333627707659;1.1;2;40;217527312;0
full_user_1_1333627707659;1.1;3;40;242540620;0
full_user_1_1333627707659;1.15;2;40;193623925;0
full_user_1_1333627707659;1.15;3;40;193709760;0
full_user_1_1333627707659;1.2;2;40;175509468;0
full_user_1_1333627707659;1.2;3;40;174584280;0
full_user_1_1333627707659;1.25;2;40;153935502;0
full_user_1_1333627707659;1.25;3;40;152426016;0
full_user_1_1333627707659;1.3;2;40;158659215;0
full_user_1_1333627707659;1.3;3;40;159815292;0
full_user_1_1333627707659;1.35;2;40;144145285;0
full_user_1_1333627707659;1.35;3;40;142685602;0
full_user_1_1333627707659;1.4;2;40;137397852;0
full_user_1_1333627707659;1.4;3;40;137928290;0
face_user_1_1333627716640;1.05;2;40;106262955;0
face_user_1_1333627716640;1.05;3;40;105129221;0
face_user_1_1333627716640;1.1;2;40;98010229;0
face_user_1_1333627716640;1.1;3;40;100913041;0
face_user_1_1333627716640;1.15;2;40;95309677;0
face_user_1_1333627716640;1.15;3;40;95091842;0
face_user_1_1333627716640;1.2;2;40;94219733;0
face_user_1_1333627716640;1.2;3;40;94825117;0
face_user_1_1333627716640;1.25;2;40;91303719;0
face_user_1_1333627716640;1.25;3;40;96890326;0
face_user_1_1333627716640;1.3;2;40;96635120;0
face_user_1_1333627716640;1.3;3;40;95293474;0
face_user_1_1333627716640;1.35;2;40;93611273;0
face_user_1_1333627716640;1.35;3;40;92295889;0
face_user_1_1333627716640;1.4;2;40;90216150;0
face_user_1_1333627716640;1.4;3;40;91165645;0
face_user_1_1333627714331;1.05;2;40;112585614;0
face_user_1_1333627714331;1.05;3;40;112397536;0
face_user_1_1333627714331;1.1;2;40;98565674;0
face_user_1_1333627714331;1.1;3;40;97824101;0
face_user_1_1333627714331;1.15;2;40;101875598;0
face_user_1_1333627714331;1.15;3;40;100654766;0
face_user_1_1333627714331;1.2;2;40;95801428;0
face_user_1_1333627714331;1.2;3;40;99091931;0
face_user_1_1333627714331;1.25;2;40;93095776;0
face_user_1_1333627714331;1.25;3;40;93235813;0
face_user_1_1333627714331;1.3;2;40;95275036;0
face_user_1_1333627714331;1.3;3;40;96539580;0
face_user_1_1333627714331;1.35;2;40;92349452;0
face_user_1_1333627714331;1.35;3;40;92640900;0
face_user_1_1333627714331;1.4;2;40;92300705;0
face_user_1_1333627714331;1.4;3;40;92808590;0
face_user_1_1333627713515;1.05;2;40;110812830;0
face_user_1_1333627713515;1.05;3;40;111100303;0
face_user_1_1333627713515;1.1;2;40;99875272;0
face_user_1_1333627713515;1.1;3;40;98782952;0
face_user_1_1333627713515;1.15;2;40;96957650;0
face_user_1_1333627713515;1.15;3;40;97591739;0
face_user_1_1333627713515;1.2;2;40;93185174;0
face_user_1_1333627713515;1.2;3;40;93850693;0
face_user_1_1333627713515;1.25;2;40;93383386;0
face_user_1_1333627713515;1.25;3;40;94384836;0
face_user_1_1333627713515;1.3;2;40;95539801;0
face_user_1_1333627713515;1.3;3;40;93917323;0
face_user_1_1333627713515;1.35;2;40;92281915;0
face_user_1_1333627713515;1.35;3;40;91627084;0
face_user_1_1333627713515;1.4;2;40;90529601;0
face_user_1_1333627713515;1.4;3;40;91294427;0
face_user_1_1333627709481;1.05;2;40;101107974;0
face_user_1_1333627709481;1.05;3;40;103081051;0
face_user_1_1333627709481;1.1;2;40;95580662;0
face_user_1_1333627709481;1.1;3;40;95805898;0
face_user_1_1333627709481;1.15;2;40;94322468;0
face_user_1_1333627709481;1.15;3;40;92753273;0
face_user_1_1333627709481;1.2;2;40;92300564;0
face_user_1_1333627709481;1.2;3;40;92140211;0
face_user_1_1333627709481;1.25;2;40;90806658;0
face_user_1_1333627709481;1.25;3;40;90466117;0
face_user_1_1333627709481;1.3;2;40;91424610;0
face_user_1_1333627709481;1.3;3;40;92953302;0
face_user_1_1333627709481;1.35;2;40;90174176;0
face_user_1_1333627709481;1.35;3;40;88944829;0
face_user_1_1333627709481;1.4;2;40;89005454;0
face_user_1_1333627709481;1.4;3;40;89230550;0
full_user_1_1333627706829;1.05;2;40;337409877;0
full_user_1_1333627706829;1.05;3;40;334264156;0
full_user_1_1333627706829;1.1;2;40;209093207;0
full_user_1_1333627706829;1.1;3;40;217359973;0
full_user_1_1333627706829;1.15;2;40;188402867;0
full_user_1_1333627706829;1.15;3;40;185508997;0
full_user_1_1333627706829;1.2;2;40;166691100;0
full_user_1_1333627706829;1.2;3;40;166359981;0
full_user_1_1333627706829;1.25;2;40;145670550;0
full_user_1_1333627706829;1.25;3;40;146016961;0
full_user_1_1333627706829;1.3;2;40;149707307;0
full_user_1_1333627706829;1.3;3;40;150194445;0
full_user_1_1333627706829;1.35;2;40;137214170;0
full_user_1_1333627706829;1.35;3;40;137234070;0
full_user_1_1333627706829;1.4;2;40;130880191;0
full_user_1_1333627706829;1.4;3;40;130409249;0
full_user_1_1333627711951;1.05;2;40;383290012;0
full_user_1_1333627711951;1.05;3;40;383279747;0
full_user_1_1333627711951;1.1;2;40;236006405;0
full_user_1_1333627711951;1.1;3;40;242181008;0
full_user_1_1333627711951;1.15;2;40;210708219;0
full_user_1_1333627711951;1.15;3;40;215545286;0
full_user_1_1333627711951;1.2;2;40;188821777;0
full_user_1_1333627711951;1.2;3;40;187129105;0
full_user_1_1333627711951;1.25;2;40;153647260;0
full_user_1_1333627711951;1.25;3;40;153476221;0
full_user_1_1333627711951;1.3;2;40;159867326;0
full_user_1_1333627711951;1.3;3;40;159602765;0
full_user_1_1333627711951;1.35;2;40;142854129;0
full_user_1_1333627711951;1.35;3;40;142684554;0
full_user_1_1333627711951;1.4;2;40;135564032;0
full_user_1_1333627711951;1.4;3;40;135507589;0
full_user_1_1333627713515;1.05;2;40;374923724;0
full_user_1_1333627713515;1.05;3;40;373743339;0
full_user_1_1333627713515;1.1;2;40;233325967;0
full_user_1_1333627713515;1.1;3;40;245665391;0
full_user_1_1333627713515;1.15;2;40;209385495;0
full_user_1_1333627713515;1.15;3;40;209189100;0
full_user_1_1333627713515;1.2;2;40;183300962;0
full_user_1_1333627713515;1.2;3;40;189564189;0
full_user_1_1333627713515;1.25;2;40;156985957;0
full_user_1_1333627713515;1.25;3;40;160059599;0
full_user_1_1333627713515;1.3;2;40;160797335;0
full_user_1_1333627713515;1.3;3;40;169803856;0
full_user_1_1333627713515;1.35;2;40;142662903;0
full_user_1_1333627713515;1.35;3;40;142286040;0
full_user_1_1333627713515;1.4;2;40;134780967;0
full_user_1_1333627713515;1.4;3;40;134588902;0
face_user_1_1333627711951;1.05;2;40;100258490;0
face_user_1_1333627711951;1.05;3;40;100176286;0
face_user_1_1333627711951;1.1;2;40;94211982;0
face_user_1_1333627711951;1.1;3;40;95482951;0
face_user_1_1333627711951;1.15;2;40;94023547;0
face_user_1_1333627711951;1.15;3;40;92400089;0
face_user_1_1333627711951;1.2;2;40;91238554;0
face_user_1_1333627711951;1.2;3;40;91138619;0
face_user_1_1333627711951;1.25;2;40;89904447;0
face_user_1_1333627711951;1.25;3;40;90168522;0
face_user_1_1333627711951;1.3;2;40;92927318;0
face_user_1_1333627711951;1.3;3;40;93941763;0
face_user_1_1333627711951;1.35;2;40;91713546;0
face_user_1_1333627711951;1.35;3;40;90858345;0
face_user_1_1333627711951;1.4;2;40;88942104;0
face_user_1_1333627711951;1.4;3;40;89087449;0
full_user_1_1333627702033;1.05;2;40;353143299;0
full_user_1_1333627702033;1.05;3;40;342559483;0
full_user_1_1333627702033;1.1;2;40;223798853;0
full_user_1_1333627702033;1.1;3;40;238061210;0
full_user_1_1333627702033;1.15;2;40;200125027;0
full_user_1_1333627702033;1.15;3;40;231549902;0
full_user_1_1333627702033;1.2;2;40;174876433;0
full_user_1_1333627702033;1.2;3;40;171705772;0
full_user_1_1333627702033;1.25;2;40;148522796;0
full_user_1_1333627702033;1.25;3;40;148833802;0
full_user_1_1333627702033;1.3;2;40;153241343;0
full_user_1_1333627702033;1.3;3;40;153008425;0
full_user_1_1333627702033;1.35;2;40;139110983;0
full_user_1_1333627702033;1.35;3;40;138738945;0
full_user_1_1333627702033;1.4;2;40;132372839;0
full_user_1_1333627702033;1.4;3;40;132333167;0
full_user_1_1333627715130;1.05;2;40;350619728;0
full_user_1_1333627715130;1.05;3;40;348013110;0
full_user_1_1333627715130;1.1;2;40;219785488;0
full_user_1_1333627715130;1.1;3;40;238476764;0
full_user_1_1333627715130;1.15;2;40;204461129;0
full_user_1_1333627715130;1.15;3;40;198939966;0
full_user_1_1333627715130;1.2;2;40;177522922;0
full_user_1_1333627715130;1.2;3;40;177211503;0
full_user_1_1333627715130;1.25;2;40;149832808;0
full_user_1_1333627715130;1.25;3;40;147315102;0
full_user_1_1333627715130;1.3;2;40;157502709;0
full_user_1_1333627715130;1.3;3;40;153948422;0
full_user_1_1333627715130;1.35;2;40;137639496;0
full_user_1_1333627715130;1.35;3;40;137350220;0
full_user_1_1333627715130;1.4;2;40;132242585;0
full_user_1_1333627715130;1.4;3;40;132017695;0
face_user_1_1333627715917;1.05;2;40;115344907;0
face_user_1_1333627715917;1.05;3;40;114378235;0
face_user_1_1333627715917;1.1;2;40;110270652;0
face_user_1_1333627715917;1.1;3;40;100613703;0
face_user_1_1333627715917;1.15;2;40;97017576;0
face_user_1_1333627715917;1.15;3;40;97291982;0
face_user_1_1333627715917;1.2;2;40;96088126;0
face_user_1_1333627715917;1.2;3;40;95748978;0
face_user_1_1333627715917;1.25;2;40;99939382;0
face_user_1_1333627715917;1.25;3;40;103884932;0
face_user_1_1333627715917;1.3;2;40;97854411;0
face_user_1_1333627715917;1.3;3;40;93612604;0
face_user_1_1333627715917;1.35;2;40;92354690;0
face_user_1_1333627715917;1.35;3;40;92132104;0
face_user_1_1333627715917;1.4;2;40;91335289;0
face_user_1_1333627715917;1.4;3;40;90755675;0
face_user_1_1333627702033;1.05;2;40;117706311;0
face_user_1_1333627702033;1.05;3;40;117507120;0
face_user_1_1333627702033;1.1;2;40;102168230;0
face_user_1_1333627702033;1.1;3;40;102525469;0
face_user_1_1333627702033;1.15;2;40;99209263;0
face_user_1_1333627702033;1.15;3;40;99001763;0
face_user_1_1333627702033;1.2;2;40;96193238;0
face_user_1_1333627702033;1.2;3;40;96361974;0
face_user_1_1333627702033;1.25;2;40;93471525;0
face_user_1_1333627702033;1.25;3;40;94807028;0
face_user_1_1333627702033;1.3;2;40;94665670;0
face_user_1_1333627702033;1.3;3;40;96324749;0
face_user_1_1333627702033;1.35;2;40;92195735;0
face_user_1_1333627702033;1.35;3;40;92181553;0
face_user_1_1333627702033;1.4;2;40;91738758;0
face_user_1_1333627702033;1.4;3;40;91885081;0
face_user_1_1333627705785;1.05;2;40;111829724;0
face_user_1_1333627705785;1.05;3;40;111674466;0
face_user_1_1333627705785;1.1;2;40;99970253;0
face_user_1_1333627705785;1.1;3;40;99864658;0
face_user_1_1333627705785;1.15;2;40;96944242;0
face_user_1_1333627705785;1.15;3;40;96694279;0
face_user_1_1333627705785;1.2;2;40;93987020;0
face_user_1_1333627705785;1.2;3;40;93845102;0
face_user_1_1333627705785;1.25;2;40;92578741;0
face_user_1_1333627705785;1.25;3;40;92588593;0
face_user_1_1333627705785;1.3;2;40;94001759;0
face_user_1_1333627705785;1.3;3;40;95160425;0
face_user_1_1333627705785;1.35;2;40;91376284;0
face_user_1_1333627705785;1.35;3;40;91464142;0
face_user_1_1333627705785;1.4;2;40;91036371;0
face_user_1_1333627705785;1.4;3;40;90368054;0
face_user_1_1333627712763;1.05;2;40;101267557;0
face_user_1_1333627712763;1.05;3;40;101157277;0
face_user_1_1333627712763;1.1;2;40;94131802;0
face_user_1_1333627712763;1.1;3;40;94024387;0
face_user_1_1333627712763;1.15;2;40;92568267;0
face_user_1_1333627712763;1.15;3;40;92429214;0
face_user_1_1333627712763;1.2;2;40;91658440;0
face_user_1_1333627712763;1.2;3;40;90916939;0
face_user_1_1333627712763;1.25;2;40;89878330;0
face_user_1_1333627712763;1.25;3;40;91103484;0
face_user_1_1333627712763;1.3;2;40;91176537;0
face_user_1_1333627712763;1.3;3;40;90702597;0
face_user_1_1333627712763;1.35;2;40;91602709;0
face_user_1_1333627712763;1.35;3;40;89881404;0
face_user_1_1333627712763;1.4;2;40;88520749;0
face_user_1_1333627712763;1.4;3;40;88470681;0
full_user_1_1333627705785;1.05;2;40;340167557;0
full_user_1_1333627705785;1.05;3;40;344749987;0
full_user_1_1333627705785;1.1;2;40;214507656;0
full_user_1_1333627705785;1.1;3;40;232691042;0
full_user_1_1333627705785;1.15;2;40;190804780;0
full_user_1_1333627705785;1.15;3;40;191154126;0
full_user_1_1333627705785;1.2;2;40;169450180;0
full_user_1_1333627705785;1.2;3;40;169338852;0
full_user_1_1333627705785;1.25;2;40;146974974;0
full_user_1_1333627705785;1.25;3;40;147533776;0
full_user_1_1333627705785;1.3;2;40;151421557;0
full_user_1_1333627705785;1.3;3;40;153052846;0
full_user_1_1333627705785;1.35;2;40;139431139;0
full_user_1_1333627705785;1.35;3;40;138224140;0
full_user_1_1333627705785;1.4;2;40;143154796;0
full_user_1_1333627705785;1.4;3;40;143375984;0
full_user_1_1333627716640;1.05;2;40;359904426;0
full_user_1_1333627716640;1.05;3;40;344672392;0
full_user_1_1333627716640;1.1;2;40;215136505;0
full_user_1_1333627716640;1.1;3;40;230024084;0
full_user_1_1333627716640;1.15;2;40;194120006;0
full_user_1_1333627716640;1.15;3;40;207291862;0
full_user_1_1333627716640;1.2;2;40;183736425;0
full_user_1_1333627716640;1.2;3;40;171907261;0
full_user_1_1333627716640;1.25;2;40;148244062;0
full_user_1_1333627716640;1.25;3;40;147425730;0
full_user_1_1333627716640;1.3;2;40;153220467;0
full_user_1_1333627716640;1.3;3;40;153214595;0
full_user_1_1333627716640;1.35;2;40;138343010;0
full_user_1_1333627716640;1.35;3;40;138319966;0
full_user_1_1333627716640;1.4;2;40;131400647;0
full_user_1_1333627716640;1.4;3;40;132284696;0
full_user_1_1333627708537;1.05;2;40;368286776;0
full_user_1_1333627708537;1.05;3;40;368080536;0
full_user_1_1333627708537;1.1;2;40;227012879;0
full_user_1_1333627708537;1.1;3;40;248612968;0
full_user_1_1333627708537;1.15;2;40;202781234;0
full_user_1_1333627708537;1.15;3;40;203250569;0
full_user_1_1333627708537;1.2;2;40;178874840;0
full_user_1_1333627708537;1.2;3;40;178500701;0
full_user_1_1333627708537;1.25;2;40;153042226;0
full_user_1_1333627708537;1.25;3;40;152154196;0
full_user_1_1333627708537;1.3;2;40;158189181;0
full_user_1_1333627708537;1.3;3;40;158321950;0
full_user_1_1333627708537;1.35;2;40;142168497;0
full_user_1_1333627708537;1.35;3;40;142037335;0
full_user_1_1333627708537;1.4;2;40;134351441;0
full_user_1_1333627708537;1.4;3;40;134130187;0
full_user_1_1333627710206;1.05;2;40;373001345;0
full_user_1_1333627710206;1.05;3;40;372547237;0
full_user_1_1333627710206;1.1;2;40;228792361;0
full_user_1_1333627710206;1.1;3;40;249522023;0
full_user_1_1333627710206;1.15;2;40;206766657;0
full_user_1_1333627710206;1.15;3;40;204031603;0
full_user_1_1333627710206;1.2;2;40;179302690;0
full_user_1_1333627710206;1.2;3;40;178976319;0
full_user_1_1333627710206;1.25;2;40;152970012;0
full_user_1_1333627710206;1.25;3;40;152966452;0
full_user_1_1333627710206;1.3;2;40;160250961;0
full_user_1_1333627710206;1.3;3;40;159924459;0
full_user_1_1333627710206;1.35;2;40;142515329;0
full_user_1_1333627710206;1.35;3;40;142255312;0
full_user_1_1333627710206;1.4;2;40;134899766;0
full_user_1_1333627710206;1.4;3;40;135011931;0
face_user_1_1333627706829;1.05;2;40;110094311;0
face_user_1_1333627706829;1.05;3;40;110353978;0
face_user_1_1333627706829;1.1;2;40;98185109;0
face_user_1_1333627706829;1.1;3;40;98145165;0
face_user_1_1333627706829;1.15;2;40;95987133;0
face_user_1_1333627706829;1.15;3;40;96174660;0
face_user_1_1333627706829;1.2;2;40;94361231;0
face_user_1_1333627706829;1.2;3;40;93356843;0
face_user_1_1333627706829;1.25;2;40;92294278;0
face_user_1_1333627706829;1.25;3;40;92603466;0
face_user_1_1333627706829;1.3;2;40;95656995;0
face_user_1_1333627706829;1.3;3;40;94386867;0
face_user_1_1333627706829;1.35;2;40;91378445;0
face_user_1_1333627706829;1.35;3;40;91228713;0
face_user_1_1333627706829;1.4;2;40;89857515;0
face_user_1_1333627706829;1.4;3;40;89871902;0
full_user_1_1333627709481;1.05;2;40;371429562;0
full_user_1_1333627709481;1.05;3;40;371623446;0
full_user_1_1333627709481;1.1;2;40;229718103;0
full_user_1_1333627709481;1.1;3;40;247496144;0
full_user_1_1333627709481;1.15;2;40;202589938;0
full_user_1_1333627709481;1.15;3;40;204165554;0
full_user_1_1333627709481;1.2;2;40;178318839;0
full_user_1_1333627709481;1.2;3;40;178519279;0
full_user_1_1333627709481;1.25;2;40;153097259;0
full_user_1_1333627709481;1.25;3;40;153143710;0
full_user_1_1333627709481;1.3;2;40;164550043;0
full_user_1_1333627709481;1.3;3;40;162496362;0
full_user_1_1333627709481;1.35;2;40;142489210;0
full_user_1_1333627709481;1.35;3;40;142579373;0
full_user_1_1333627709481;1.4;2;40;134118453;0
full_user_1_1333627709481;1.4;3;40;134077875;0
full_user_1_1333627714331;1.05;2;40;358878383;0
full_user_1_1333627714331;1.05;3;40;357979743;0
full_user_1_1333627714331;1.1;2;40;222447700;0
full_user_1_1333627714331;1.1;3;40;238930455;0
full_user_1_1333627714331;1.15;2;40;199502882;0
full_user_1_1333627714331;1.15;3;40;198501921;0
full_user_1_1333627714331;1.2;2;40;174425114;0
full_user_1_1333627714331;1.2;3;40;175199585;0
full_user_1_1333627714331;1.25;2;40;150285938;0
full_user_1_1333627714331;1.25;3;40;150939794;0
full_user_1_1333627714331;1.3;2;40;156773221;0
full_user_1_1333627714331;1.3;3;40;156451947;0
full_user_1_1333627714331;1.35;2;40;140475686;0
full_user_1_1333627714331;1.35;3;40;140500617;0
full_user_1_1333627714331;1.4;2;40;133871698;0
full_user_1_1333627714331;1.4;3;40;134250108;0
face_user_1_1333627715130;1.05;2;40;109852233;0
face_user_1_1333627715130;1.05;3;40;110210738;0
face_user_1_1333627715130;1.1;2;40;98410558;0
face_user_1_1333627715130;1.1;3;40;98564629;0
face_user_1_1333627715130;1.15;2;40;95287676;0
face_user_1_1333627715130;1.15;3;40;95687378;0
face_user_1_1333627715130;1.2;2;40;93703396;0
face_user_1_1333627715130;1.2;3;40;94259680;0
face_user_1_1333627715130;1.25;2;40;91833744;0
face_user_1_1333627715130;1.25;3;40;91526515;0
face_user_1_1333627715130;1.3;2;40;92683642;0
face_user_1_1333627715130;1.3;3;40;94026551;0
face_user_1_1333627715130;1.35;2;40;91968260;0
face_user_1_1333627715130;1.35;3;40;91430903;0
face_user_1_1333627715130;1.4;2;40;90294024;0
face_user_1_1333627715130;1.4;3;40;90375457;0
face_user_1_1333627708537;1.05;2;40;104625246;0
face_user_1_1333627708537;1.05;3;40;103910143;0
face_user_1_1333627708537;1.1;2;40;95457109;0
face_user_1_1333627708537;1.1;3;40;95258764;0
face_user_1_1333627708537;1.15;2;40;93215276;0
face_user_1_1333627708537;1.15;3;40;93213596;0
face_user_1_1333627708537;1.2;2;40;92658505;0
face_user_1_1333627708537;1.2;3;40;92373968;0
face_user_1_1333627708537;1.25;2;40;90573528;0
face_user_1_1333627708537;1.25;3;40;91138612;0
face_user_1_1333627708537;1.3;2;40;91845058;0
face_user_1_1333627708537;1.3;3;40;93960204;0
face_user_1_1333627708537;1.35;2;40;89806673;0
face_user_1_1333627708537;1.35;3;40;89864846;0
face_user_1_1333627708537;1.4;2;40;89813167;0
face_user_1_1333627708537;1.4;3;40;89950963;0
full_user_1_1333627712763;1.05;2;40;372146769;0
full_user_1_1333627712763;1.05;3;40;371683367;0
full_user_1_1333627712763;1.1;2;40;229576051;0
full_user_1_1333627712763;1.1;3;40;253837864;0
full_user_1_1333627712763;1.15;2;40;203672407;0
full_user_1_1333627712763;1.15;3;40;204504571;0
full_user_1_1333627712763;1.2;2;40;181763127;0
full_user_1_1333627712763;1.2;3;40;181031891;0
full_user_1_1333627712763;1.25;2;40;154615609;0
full_user_1_1333627712763;1.25;3;40;153211035;0
full_user_1_1333627712763;1.3;2;40;158856651;0
full_user_1_1333627712763;1.3;3;40;160366273;0
full_user_1_1333627712763;1.35;2;40;143043540;0
full_user_1_1333627712763;1.35;3;40;142278919;0
full_user_1_1333627712763;1.4;2;40;136649078;0
full_user_1_1333627712763;1.4;3;40;135281171;0
face_user_1_1333627707659;1.05;2;40;106255409;0
face_user_1_1333627707659;1.05;3;40;106201357;0
face_user_1_1333627707659;1.1;2;40;96094832;0
face_user_1_1333627707659;1.1;3;40;95840819;0
face_user_1_1333627707659;1.15;2;40;101556557;0
face_user_1_1333627707659;1.15;3;40;106217697;0
face_user_1_1333627707659;1.2;2;40;98308870;0
face_user_1_1333627707659;1.2;3;40;94557974;0
face_user_1_1333627707659;1.25;2;40;91495295;0
face_user_1_1333627707659;1.25;3;40;92600464;0
face_user_1_1333627707659;1.3;2;40;94714976;0
face_user_1_1333627707659;1.3;3;40;94063217;0
face_user_1_1333627707659;1.35;2;40;90995093;0
face_user_1_1333627707659;1.35;3;40;90805751;0
face_user_1_1333627707659;1.4;2;40;90576183;0
face_user_1_1333627707659;1.4;3;40;91058784;0
face_user_1_1333627710206;1.05;2;40;101643861;0
face_user_1_1333627710206;1.05;3;40;100708060;0
face_user_1_1333627710206;1.1;2;40;93326671;0
face_user_1_1333627710206;1.1;3;40;93631529;0
face_user_1_1333627710206;1.15;2;40;93044096;0
face_user_1_1333627710206;1.15;3;40;92641527;0
face_user_1_1333627710206;1.2;2;40;91238209;0
face_user_1_1333627710206;1.2;3;40;91380687;0
face_user_1_1333627710206;1.25;2;40;90266785;0
face_user_1_1333627710206;1.25;3;40;90464155;0
face_user_1_1333627710206;1.3;2;40;91175212;0
face_user_1_1333627710206;1.3;3;40;91904078;0
face_user_1_1333627710206;1.35;2;40;90953254;0
face_user_1_1333627710206;1.35;3;40;89372956;0
face_user_1_1333627710206;1.4;2;40;88775329;0
face_user_1_1333627710206;1.4;3;40;90424415;0
