full_user_1_1333627711157;1.05;1;40;449949815;1
full_user_1_1333627711157;1.05;10;40;330039943;0
full_user_1_1333627711157;1.1;1;40;188072240;1
full_user_1_1333627711157;1.1;10;40;187180087;0
full_user_1_1333627711157;1.15;1;40;150542470;0
full_user_1_1333627711157;1.15;10;40;161119233;0
full_user_1_1333627711157;1.2;1;40;126296158;0
full_user_1_1333627711157;1.2;10;40;128376657;0
full_user_1_1333627711157;1.25;1;40;104545420;0
full_user_1_1333627711157;1.25;10;40;104958739;0
full_user_1_1333627711157;1.3;1;40;107992574;1
full_user_1_1333627711157;1.3;10;40;108634835;0
full_user_1_1333627711157;1.35;1;40;97011920;0
full_user_1_1333627711157;1.35;10;40;97143008;0
full_user_1_1333627711157;1.4;1;40;92234633;0
full_user_1_1333627711157;1.4;10;40;93341759;0
face_user_1_1333627711157;1.05;1;40;37413764;0
face_user_1_1333627711157;1.05;10;40;38548550;0
face_user_1_1333627711157;1.1;1;40;34487204;0
face_user_1_1333627711157;1.1;10;40;34753021;0
face_user_1_1333627711157;1.15;1;40;33815823;0
face_user_1_1333627711157;1.15;10;40;33312265;0
face_user_1_1333627711157;1.2;1;40;33536461;0
face_user_1_1333627711157;1.2;10;40;33528216;0
face_user_1_1333627711157;1.25;1;40;32279660;0
face_user_1_1333627711157;1.25;10;40;32725185;0
face_user_1_1333627711157;1.3;1;40;32789852;0
face_user_1_1333627711157;1.3;10;40;32619581;0
face_user_1_1333627711157;1.35;1;40;33126418;0
face_user_1_1333627711157;1.35;10;40;33261842;0
face_user_1_1333627711157;1.4;1;40;32656319;0
face_user_1_1333627711157;1.4;10;40;34718589;0
full_user_1_1333627715917;1.05;1;40;326664236;1
full_user_1_1333627715917;1.05;10;40;306908577;0
full_user_1_1333627715917;1.1;1;40;178494978;0
full_user_1_1333627715917;1.1;10;40;175305741;0
full_user_1_1333627715917;1.15;1;40;144779584;0
full_user_1_1333627715917;1.15;10;40;149323178;0
full_user_1_1333627715917;1.2;1;40;124751198;0
full_user_1_1333627715917;1.2;10;40;122440991;0
full_user_1_1333627715917;1.25;1;40;102420216;1
full_user_1_1333627715917;1.25;10;40;101812531;0
full_user_1_1333627715917;1.3;1;40;103303078;0
full_user_1_1333627715917;1.3;10;40;105308365;0
full_user_1_1333627715917;1.35;1;40;88861371;0
full_user_1_1333627715917;1.35;10;40;88913678;0
full_user_1_1333627715917;1.4;1;40;83762817;0
full_user_1_1333627715917;1.4;10;40;83590867;0
full_user_1_1333627707659;1.05;1;40;279260652;1
full_user_1_1333627707659;1.05;10;40;277584111;1
full_user_1_1333627707659;1.1;1;40;162155609;1
full_user_1_1333627707659;1.1;10;40;169689383;0
full_user_1_1333627707659;1.15;1;40;132516364;0
full_user_1_1333627707659;1.15;10;40;129673612;0
full_user_1_1333627707659;1.2;1;40;112379657;0
full_user_1_1333627707659;1.2;10;40;113046286;0
full_user_1_1333627707659;1.25;1;40;95348717;0
full_user_1_1333627707659;1.25;10;40;98228554;0
full_user_1_1333627707659;1.3;1;40;100357244;0
full_user_1_1333627707659;1.3;10;40;98007226;0
full_user_1_1333627707659;1.35;1;40;88711490;1
full_user_1_1333627707659;1.35;10;40;89367373;0
full_user_1_1333627707659;1.4;1;40;81601714;0
full_user_1_1333627707659;1.4;10;40;81762703;0
face_user_1_1333627716640;1.05;1;40;37289449;0
face_user_1_1333627716640;1.05;10;40;36657453;0
face_user_1_1333627716640;1.1;1;40;33861916;0
face_user_1_1333627716640;1.1;10;40;34043440;0
face_user_1_1333627716640;1.15;1;40;33525352;0
face_user_1_1333627716640;1.15;10;40;33750729;0
face_user_1_1333627716640;1.2;1;40;33116292;0
face_user_1_1333627716640;1.2;10;40;32938197;0
face_user_1_1333627716640;1.25;1;40;32655481;0
face_user_1_1333627716640;1.25;10;40;32458316;0
face_user_1_1333627716640;1.3;1;40;32475009;0
face_user_1_1333627716640;1.3;10;40;32277009;0
face_user_1_1333627716640;1.35;1;40;32095144;0
face_user_1_1333627716640;1.35;10;40;32399650;0
face_user_1_1333627716640;1.4;1;40;32329460;0
face_user_1_1333627716640;1.4;10;40;32508397;0
face_user_1_1333627714331;1.05;1;40;40209582;0
face_user_1_1333627714331;1.05;10;40;39723346;0
face_user_1_1333627714331;1.1;1;40;35442077;0
face_user_1_1333627714331;1.1;10;40;36003742;0
face_user_1_1333627714331;1.15;1;40;34380697;0
face_user_1_1333627714331;1.15;10;40;34768040;0
face_user_1_1333627714331;1.2;1;40;36222553;0
face_user_1_1333627714331;1.2;10;40;35797985;0
face_user_1_1333627714331;1.25;1;40;32516007;0
face_user_1_1333627714331;1.25;10;40;33299835;0
face_user_1_1333627714331;1.3;1;40;32544220;0
face_user_1_1333627714331;1.3;10;40;32680487;0
face_user_1_1333627714331;1.35;1;40;33482750;0
face_user_1_1333627714331;1.35;10;40;33108680;0
face_user_1_1333627714331;1.4;1;40;32627753;0
face_user_1_1333627714331;1.4;10;40;32721199;0
face_user_1_1333627713515;1.05;1;40;38609659;0
face_user_1_1333627713515;1.05;10;40;38106938;0
face_user_1_1333627713515;1.1;1;40;35223339;0
face_user_1_1333627713515;1.1;10;40;35389903;0
face_user_1_1333627713515;1.15;1;40;33752269;0
face_user_1_1333627713515;1.15;10;40;33365484;0
face_user_1_1333627713515;1.2;1;40;33210859;0
face_user_1_1333627713515;1.2;10;40;33023401;0
face_user_1_1333627713515;1.25;1;40;32494497;0
face_user_1_1333627713515;1.25;10;40;32594299;0
face_user_1_1333627713515;1.3;1;40;32270932;0
face_user_1_1333627713515;1.3;10;40;32430382;0
face_user_1_1333627713515;1.35;1;40;32841955;0
face_user_1_1333627713515;1.35;10;40;32866472;0
face_user_1_1333627713515;1.4;1;40;32654989;0
face_user_1_1333627713515;1.4;10;40;32169174;0
face_user_1_1333627709481;1.05;1;40;36066738;0
face_user_1_1333627709481;1.05;10;40;35760133;0
face_user_1_1333627709481;1.1;1;40;33330775;0
face_user_1_1333627709481;1.1;10;40;33510267;0
face_user_1_1333627709481;1.15;1;40;32379255;0
face_user_1_1333627709481;1.15;10;40;32226796;0
face_user_1_1333627709481;1.2;1;40;32328553;0
face_user_1_1333627709481;1.2;10;40;32225953;0
face_user_1_1333627709481;1.25;1;40;31779812;0
face_user_1_1333627709481;1.25;10;40;31726103;0
face_user_1_1333627709481;1.3;1;40;31902867;0
face_user_1_1333627709481;1.3;10;40;32561195;0
face_user_1_1333627709481;1.35;1;40;32513982;0
face_user_1_1333627709481;1.35;10;40;32254727;0
face_user_1_1333627709481;1.4;1;40;31665902;0
face_user_1_1333627709481;1.4;10;40;31256697;0
full_user_1_1333627706829;1.05;1;40;250396992;1
full_user_1_1333627706829;1.05;10;40;260890717;0
full_user_1_1333627706829;1.1;1;40;164124783;1
full_user_1_1333627706829;1.1;10;40;154905033;0
full_user_1_1333627706829;1.15;1;40;123455782;1
full_user_1_1333627706829;1.15;10;40;124825787;0
full_user_1_1333627706829;1.2;1;40;106116710;0
full_user_1_1333627706829;1.2;10;40;106635345;0
full_user_1_1333627706829;1.25;1;40;91367766;0
full_user_1_1333627706829;1.25;10;40;91598237;0
full_user_1_1333627706829;1.3;1;40;92183441;0
full_user_1_1333627706829;1.3;10;40;105768272;0
full_user_1_1333627706829;1.35;1;40;84060550;0
full_user_1_1333627706829;1.35;10;40;85118157;0
full_user_1_1333627706829;1.4;1;40;79276979;0
full_user_1_1333627706829;1.4;10;40;79684575;0
full_user_1_1333627711951;1.05;1;40;283300063;1
full_user_1_1333627711951;1.05;10;40;304803144;0
full_user_1_1333627711951;1.1;1;40;168514936;0
full_user_1_1333627711951;1.1;10;40;167361367;0
full_user_1_1333627711951;1.15;1;40;136317683;0
full_user_1_1333627711951;1.15;10;40;134401796;0
full_user_1_1333627711951;1.2;1;40;115357268;0
full_user_1_1333627711951;1.2;10;40;116144237;0
full_user_1_1333627711951;1.25;1;40;108579173;0
full_user_1_1333627711951;1.25;10;40;99744880;0
full_user_1_1333627711951;1.3;1;40;100389509;0
full_user_1_1333627711951;1.3;10;40;100498466;0
full_user_1_1333627711951;1.35;1;40;90388098;0
full_user_1_1333627711951;1.35;10;40;90592178;0
full_user_1_1333627711951;1.4;1;40;84507671;0
full_user_1_1333627711951;1.4;10;40;84512637;0
full_user_1_1333627713515;1.05;1;40;283955803;1
full_user_1_1333627713515;1.05;10;40;287648101;0
full_user_1_1333627713515;1.1;1;40;165443246;0
full_user_1_1333627713515;1.1;10;40;165279255;0
full_user_1_1333627713515;1.15;1;40;135803445;0
full_user_1_1333627713515;1.15;10;40;133002179;0
full_user_1_1333627713515;1.2;1;40;113618569;0
full_user_1_1333627713515;1.2;10;40;113229971;0
full_user_1_1333627713515;1.25;1;40;96410165;0
full_user_1_1333627713515;1.25;10;40;98074830;0
full_user_1_1333627713515;1.3;1;40;98886949;0
full_user_1_1333627713515;1.3;10;40;100042678;0
full_user_1_1333627713515;1.35;1;40;89813028;0
full_user_1_1333627713515;1.35;10;40;89591280;0
full_user_1_1333627713515;1.4;1;40;83961587;0
full_user_1_1333627713515;1.4;10;40;84364289;0
face_user_1_1333627711951;1.05;1;40;35415607;0
face_user_1_1333627711951;1.05;10;40;36896382;0
face_user_1_1333627711951;1.1;1;40;33640454;0
face_user_1_1333627711951;1.1;10;40;33423243;0
face_user_1_1333627711951;1.15;1;40;33156174;0
face_user_1_1333627711951;1.15;10;40;32777491;0
face_user_1_1333627711951;1.2;1;40;32237759;0
face_user_1_1333627711951;1.2;10;40;32287483;0
face_user_1_1333627711951;1.25;1;40;31836872;0
face_user_1_1333627711951;1.25;10;40;31928432;0
face_user_1_1333627711951;1.3;1;40;31672390;0
face_user_1_1333627711951;1.3;10;40;32098148;0
face_user_1_1333627711951;1.35;1;40;32356700;0
face_user_1_1333627711951;1.35;10;40;32490162;0
face_user_1_1333627711951;1.4;1;40;32253474;0
face_user_1_1333627711951;1.4;10;40;32033196;0
full_user_1_1333627702033;1.05;1;40;268309188;1
full_user_1_1333627702033;1.05;10;40;275968962;0
full_user_1_1333627702033;1.1;1;40;163631422;0
full_user_1_1333627702033;1.1;10;40;161063844;0
full_user_1_1333627702033;1.15;1;40;129197717;1
full_user_1_1333627702033;1.15;10;40;127556865;0
full_user_1_1333627702033;1.2;1;40;110674269;0
full_user_1_1333627702033;1.2;10;40;110337564;0
full_user_1_1333627702033;1.25;1;40;94385675;0
full_user_1_1333627702033;1.25;10;40;94844113;0
full_user_1_1333627702033;1.3;1;40;96358553;0
full_user_1_1333627702033;1.3;10;40;96074717;0
full_user_1_1333627702033;1.35;1;40;87117157;0
full_user_1_1333627702033;1.35;10;40;87230364;0
full_user_1_1333627702033;1.4;1;40;81832964;0
full_user_1_1333627702033;1.4;10;40;82927861;0
full_user_1_1333627715130;1.05;1;40;269757903;1
full_user_1_1333627715130;1.05;10;40;287361961;0
full_user_1_1333627715130;1.1;1;40;156801014;1
full_user_1_1333627715130;1.1;10;40;157166352;0
full_user_1_1333627715130;1.15;1;40;131245114;1
full_user_1_1333627715130;1.15;10;40;127424373;0
full_user_1_1333627715130;1.2;1;40;109861384;0
full_user_1_1333627715130;1.2;10;40;111371498;0
full_user_1_1333627715130;1.25;1;40;94762052;0
full_user_1_1333627715130;1.25;10;40;94531713;0
full_user_1_1333627715130;1.3;1;40;96421061;0
full_user_1_1333627715130;1.3;10;40;96359530;0
full_user_1_1333627715130;1.35;1;40;86656058;0
full_user_1_1333627715130;1.35;10;40;86998425;0
full_user_1_1333627715130;1.4;1;40;81365933;0
full_user_1_1333627715130;1.4;10;40;81544587;0
face_user_1_1333627715917;1.05;1;40;47022671;0
face_user_1_1333627715917;1.05;10;40;44175237;0
face_user_1_1333627715917;1.1;1;40;37698233;0
face_user_1_1333627715917;1.1;10;40;37277925;0
face_user_1_1333627715917;1.15;1;40;35560041;0
face_user_1_1333627715917;1.15;10;40;35806992;0
face_user_1_1333627715917;1.2;1;40;35098181;0
face_user_1_1333627715917;1.2;10;40;34862814;0
face_user_1_1333627715917;1.25;1;40;33497766;0
face_user_1_1333627715917;1.25;10;40;34225579;0
face_user_1_1333627715917;1.3;1;40;34429030;0
face_user_1_1333627715917;1.3;10;40;33794591;0
face_user_1_1333627715917;1.35;1;40;33175724;0
face_user_1_1333627715917;1.35;10;40;38006720;0
face_user_1_1333627715917;1.4;1;40;33128096;0
face_user_1_1333627715917;1.4;10;40;33007547;0
face_user_1_1333627702033;1.05;1;40;49596320;0
face_user_1_1333627702033;1.05;10;40;46901984;0
face_user_1_1333627702033;1.1;1;40;39040506;0
face_user_1_1333627702033;1.1;10;40;40348151;0
face_user_1_1333627702033;1.15;1;40;37944004;0
face_user_1_1333627702033;1.15;10;40;42841409;0
face_user_1_1333627702033;1.2;1;40;35847715;0
face_user_1_1333627702033;1.2;10;40;35993192;0
face_user_1_1333627702033;1.25;1;40;34227751;0
face_user_1_1333627702033;1.25;10;40;34055166;0
face_user_1_1333627702033;1.3;1;40;35100272;0
face_user_1_1333627702033;1.3;10;40;34602867;0
face_user_1_1333627702033;1.35;1;40;34032120;0
face_user_1_1333627702033;1.35;10;40;34182910;0
face_user_1_1333627702033;1.4;1;40;33636606;0
face_user_1_1333627702033;1.4;10;40;33815126;0
face_user_1_1333627705785;1.05;1;40;42893791;0
face_user_1_1333627705785;1.05;10;40;51895077;0
face_user_1_1333627705785;1.1;1;40;37649899;0
face_user_1_1333627705785;1.1;10;40;37173580;0
face_user_1_1333627705785;1.15;1;40;36892125;0
face_user_1_1333627705785;1.15;10;40;35267752;0
face_user_1_1333627705785;1.2;1;40;34335863;0
face_user_1_1333627705785;1.2;10;40;34349268;0
face_user_1_1333627705785;1.25;1;40;33558040;0
face_user_1_1333627705785;1.25;10;40;33567465;0
face_user_1_1333627705785;1.3;1;40;33957601;0
face_user_1_1333627705785;1.3;10;40;33842572;0
face_user_1_1333627705785;1.35;1;40;33105467;0
face_user_1_1333627705785;1.35;10;40;32961943;0
face_user_1_1333627705785;1.4;1;40;32858230;0
face_user_1_1333627705785;1.4;10;40;33030735;0
face_user_1_1333627712763;1.05;1;40;35937810;0
face_user_1_1333627712763;1.05;10;40;35950800;0
face_user_1_1333627712763;1.1;1;40;33644922;0
face_user_1_1333627712763;1.1;10;40;33532615;0
face_user_1_1333627712763;1.15;1;40;32514681;0
face_user_1_1333627712763;1.15;10;40;32904812;0
face_user_1_1333627712763;1.2;1;40;31966075;0
face_user_1_1333627712763;1.2;10;40;32035708;0
face_user_1_1333627712763;1.25;1;40;31774781;0
face_user_1_1333627712763;1.25;10;40;31507149;0
face_user_1_1333627712763;1.3;1;40;31998270;0
face_user_1_1333627712763;1.3;10;40;32024884;0
face_user_1_1333627712763;1.35;1;40;31602343;0
face_user_1_1333627712763;1.35;10;40;31842874;0
face_user_1_1333627712763;1.4;1;40;31524472;0
face_user_1_1333627712763;1.4;10;40;31564000;0
full_user_1_1333627705785;1.05;1;40;258599505;1
full_user_1_1333627705785;1.05;10;40;261124407;0
full_user_1_1333627705785;1.1;1;40;154050037;1
full_user_1_1333627705785;1.1;10;40;154259423;0
full_user_1_1333627705785;1.15;1;40;124400242;0
full_user_1_1333627705785;1.15;10;40;128595616;0
full_user_1_1333627705785;1.2;1;40;107876428;0
full_user_1_1333627705785;1.2;10;40;107924826;0
full_user_1_1333627705785;1.25;1;40;92133921;0
full_user_1_1333627705785;1.25;10;40;92137975;0
full_user_1_1333627705785;1.3;1;40;93814097;0
full_user_1_1333627705785;1.3;10;40;93824082;0
full_user_1_1333627705785;1.35;1;40;85842828;1
full_user_1_1333627705785;1.35;10;40;85781091;0
full_user_1_1333627705785;1.4;1;40;89884542;0
full_user_1_1333627705785;1.4;10;40;81778976;0
full_user_1_1333627716640;1.05;1;40;265134205;1
full_user_1_1333627716640;1.05;10;40;263203301;0
full_user_1_1333627716640;1.1;1;40;155683833;1
full_user_1_1333627716640;1.1;10;40;160806064;0
full_user_1_1333627716640;1.15;1;40;143678254;1
full_user_1_1333627716640;1.15;10;40;135562841;0
full_user_1_1333627716640;1.2;1;40;110378068;0
full_user_1_1333627716640;1.2;10;40;114050959;0
full_user_1_1333627716640;1.25;1;40;101106710;0
full_user_1_1333627716640;1.25;10;40;96178850;0
full_user_1_1333627716640;1.3;1;40;99072027;1
full_user_1_1333627716640;1.3;10;40;95852552;0
full_user_1_1333627716640;1.35;1;40;89274829;0
full_user_1_1333627716640;1.35;10;40;92040339;0
full_user_1_1333627716640;1.4;1;40;86925436;0
full_user_1_1333627716640;1.4;10;40;81786168;0
full_user_1_1333627708537;1.05;1;40;288541510;1
full_user_1_1333627708537;1.05;10;40;286131498;0
full_user_1_1333627708537;1.1;1;40;186164592;0
full_user_1_1333627708537;1.1;10;40;168875594;0
full_user_1_1333627708537;1.15;1;40;138690893;0
full_user_1_1333627708537;1.15;10;40;139469970;0
full_user_1_1333627708537;1.2;1;40;118063127;0
full_user_1_1333627708537;1.2;10;40;115339248;0
full_user_1_1333627708537;1.25;1;40;97274172;0
full_user_1_1333627708537;1.25;10;40;96987543;0
full_user_1_1333627708537;1.3;1;40;101226420;0
full_user_1_1333627708537;1.3;10;40;120265710;0
full_user_1_1333627708537;1.35;1;40;90915893;0
full_user_1_1333627708537;1.35;10;40;90255193;0
full_user_1_1333627708537;1.4;1;40;84629058;0
full_user_1_1333627708537;1.4;10;40;84675153;0
full_user_1_1333627710206;1.05;1;40;290027103;1
full_user_1_1333627710206;1.05;10;40;316951829;0
full_user_1_1333627710206;1.1;1;40;170731905;0
full_user_1_1333627710206;1.1;10;40;171719117;0
full_user_1_1333627710206;1.15;1;40;138812205;0
full_user_1_1333627710206;1.15;10;40;134809110;0
full_user_1_1333627710206;1.2;1;40;116002392;0
full_user_1_1333627710206;1.2;10;40;116046878;0
full_user_1_1333627710206;1.25;1;40;98350008;0
full_user_1_1333627710206;1.25;10;40;124189118;0
full_user_1_1333627710206;1.3;1;40;114387521;0
full_user_1_1333627710206;1.3;10;40;101242343;0
full_user_1_1333627710206;1.35;1;40;91140920;0
full_user_1_1333627710206;1.35;10;40;93370537;0
full_user_1_1333627710206;1.4;1;40;87629506;0
full_user_1_1333627710206;1.4;10;40;87269966;0
face_user_1_1333627706829;1.05;1;40;42789242;0
face_user_1_1333627706829;1.05;10;40;41894362;0
face_user_1_1333627706829;1.1;1;40;36015894;0
face_user_1_1333627706829;1.1;10;40;36007441;0
face_user_1_1333627706829;1.15;1;40;41920973;0
face_user_1_1333627706829;1.15;10;40;38966758;0
face_user_1_1333627706829;1.2;1;40;34287461;0
face_user_1_1333627706829;1.2;10;40;34152456;0
face_user_1_1333627706829;1.25;1;40;33076971;0
face_user_1_1333627706829;1.25;10;40;33064400;0
face_user_1_1333627706829;1.3;1;40;33253253;0
face_user_1_1333627706829;1.3;10;40;33279232;0
face_user_1_1333627706829;1.35;1;40;32565175;0
face_user_1_1333627706829;1.35;10;40;32548622;0
face_user_1_1333627706829;1.4;1;40;32754583;0
face_user_1_1333627706829;1.4;10;40;32533956;0
full_user_1_1333627709481;1.05;1;40;286096159;1
full_user_1_1333627709481;1.05;10;40;290155613;0
full_user_1_1333627709481;1.1;1;40;172477242;0
full_user_1_1333627709481;1.1;10;40;171910758;0
full_user_1_1333627709481;1.15;1;40;142247487;1
full_user_1_1333627709481;1.15;10;40;134878950;0
full_user_1_1333627709481;1.2;1;40;116267093;0
full_user_1_1333627709481;1.2;10;40;119628202;0
full_user_1_1333627709481;1.25;1;40;96284451;0
full_user_1_1333627709481;1.25;10;40;97292540;0
full_user_1_1333627709481;1.3;1;40;99284548;0
full_user_1_1333627709481;1.3;10;40;99629224;0
full_user_1_1333627709481;1.35;1;40;91323832;0
full_user_1_1333627709481;1.35;10;40;90501245;0
full_user_1_1333627709481;1.4;1;40;86504643;0
full_user_1_1333627709481;1.4;10;40;86023790;0
full_user_1_1333627714331;1.05;1;40;292228155;0
full_user_1_1333627714331;1.05;10;40;319576322;0
full_user_1_1333627714331;1.1;1;40;179416042;0
full_user_1_1333627714331;1.1;10;40;180354289;0
full_user_1_1333627714331;1.15;1;40;139211486;0
full_user_1_1333627714331;1.15;10;40;134618166;0
full_user_1_1333627714331;1.2;1;40;118227956;0
full_user_1_1333627714331;1.2;10;40;125951489;0
full_user_1_1333627714331;1.25;1;40;117292920;0
full_user_1_1333627714331;1.25;10;40;106382521;0
full_user_1_1333627714331;1.3;1;40;105390145;0
full_user_1_1333627714331;1.3;10;40;108679327;0
full_user_1_1333627714331;1.35;1;40;91475945;0
full_user_1_1333627714331;1.35;10;40;90091066;0
full_user_1_1333627714331;1.4;1;40;84788438;0
full_user_1_1333627714331;1.4;10;40;84108042;0
face_user_1_1333627715130;1.05;1;40;42175194;1
face_user_1_1333627715130;1.05;10;40;42448975;1
face_user_1_1333627715130;1.1;1;40;37083415;0
face_user_1_1333627715130;1.1;10;40;36930119;0
face_user_1_1333627715130;1.15;1;40;35342760;1
face_user_1_1333627715130;1.15;10;40;35208041;0
face_user_1_1333627715130;1.2;1;40;34515840;1
face_user_1_1333627715130;1.2;10;40;34562493;0
face_user_1_1333627715130;1.25;1;40;33546584;1
face_user_1_1333627715130;1.25;10;40;33461239;0
face_user_1_1333627715130;1.3;1;40;33866178;0
face_user_1_1333627715130;1.3;10;40;34119142;0
face_user_1_1333627715130;1.35;1;40;33733130;1
face_user_1_1333627715130;1.35;10;40;33127535;0
face_user_1_1333627715130;1.4;1;40;33331687;1
face_user_1_1333627715130;1.4;10;40;32900760;0
face_user_1_1333627708537;1.05;1;40;37277645;0
face_user_1_1333627708537;1.05;10;40;37230084;0
face_user_1_1333627708537;1.1;1;40;33873581;0
face_user_1_1333627708537;1.1;10;40;33930853;0
face_user_1_1333627708537;1.15;1;40;33045052;0
face_user_1_1333627708537;1.15;10;40;33187603;0
face_user_1_1333627708537;1.2;1;40;32494148;0
face_user_1_1333627708537;1.2;10;40;32533115;0
face_user_1_1333627708537;1.25;1;40;32276941;0
face_user_1_1333627708537;1.25;10;40;31960768;0
face_user_1_1333627708537;1.3;1;40;32131180;0
face_user_1_1333627708537;1.3;10;40;32078103;0
face_user_1_1333627708537;1.35;1;40;31656050;0
face_user_1_1333627708537;1.35;10;40;33869951;0
face_user_1_1333627708537;1.4;1;40;31672671;0
face_user_1_1333627708537;1.4;10;40;31861593;0
full_user_1_1333627712763;1.05;1;40;302324620;1
full_user_1_1333627712763;1.05;10;40;375699381;0
full_user_1_1333627712763;1.1;1;40;172546243;1
full_user_1_1333627712763;1.1;10;40;187849309;0
full_user_1_1333627712763;1.15;1;40;133778603;1
full_user_1_1333627712763;1.15;10;40;132658701;0
full_user_1_1333627712763;1.2;1;40;113700073;1
full_user_1_1333627712763;1.2;10;40;112916033;0
full_user_1_1333627712763;1.25;1;40;95339707;1
full_user_1_1333627712763;1.25;10;40;95585339;0
full_user_1_1333627712763;1.3;1;40;98189513;1
full_user_1_1333627712763;1.3;10;40;100401732;0
full_user_1_1333627712763;1.35;1;40;124018984;0
full_user_1_1333627712763;1.35;10;40;92276326;0
full_user_1_1333627712763;1.4;1;40;86824033;0
full_user_1_1333627712763;1.4;10;40;100588139;0
face_user_1_1333627707659;1.05;1;40;38679713;0
face_user_1_1333627707659;1.05;10;40;38434427;0
face_user_1_1333627707659;1.1;1;40;35203079;0
face_user_1_1333627707659;1.1;10;40;35025192;0
face_user_1_1333627707659;1.15;1;40;33430857;0
face_user_1_1333627707659;1.15;10;40;33389302;0
face_user_1_1333627707659;1.2;1;40;32916474;0
face_user_1_1333627707659;1.2;10;40;32853484;0
face_user_1_1333627707659;1.25;1;40;32678667;0
face_user_1_1333627707659;1.25;10;40;32323031;0
face_user_1_1333627707659;1.3;1;40;32603172;0
face_user_1_1333627707659;1.3;10;40;32378138;0
face_user_1_1333627707659;1.35;1;40;32389662;0
face_user_1_1333627707659;1.35;10;40;32337633;0
face_user_1_1333627707659;1.4;1;40;31878285;0
face_user_1_1333627707659;1.4;10;40;31992894;0
face_user_1_1333627710206;1.05;1;40;35621710;0
face_user_1_1333627710206;1.05;10;40;35542161;0
face_user_1_1333627710206;1.1;1;40;33311500;0
face_user_1_1333627710206;1.1;10;40;35213902;0
face_user_1_1333627710206;1.15;1;40;34537216;0
face_user_1_1333627710206;1.15;10;40;32560146;0
face_user_1_1333627710206;1.2;1;40;32351387;0
face_user_1_1333627710206;1.2;10;40;32322620;0
face_user_1_1333627710206;1.25;1;40;31492412;0
face_user_1_1333627710206;1.25;10;40;37486816;0
face_user_1_1333627710206;1.3;1;40;33601272;0
face_user_1_1333627710206;1.3;10;40;31685734;0
face_user_1_1333627710206;1.35;1;40;37198376;0
face_user_1_1333627710206;1.35;10;40;32981360;0
face_user_1_1333627710206;1.4;1;40;31110239;0
face_user_1_1333627710206;1.4;10;40;31276883;0
full_user_1_1333627711157;1.05;2;40;426902825;1
full_user_1_1333627711157;1.05;3;40;328768694;1
full_user_1_1333627711157;1.1;2;40;180212588;1
full_user_1_1333627711157;1.1;3;40;216087954;0
full_user_1_1333627711157;1.15;2;40;147158023;0
full_user_1_1333627711157;1.15;3;40;151408507;0
full_user_1_1333627711157;1.2;2;40;126588021;0
full_user_1_1333627711157;1.2;3;40;129103430;0
full_user_1_1333627711157;1.25;2;40;117046653;0
full_user_1_1333627711157;1.25;3;40;115720936;0
full_user_1_1333627711157;1.3;2;40;121504412;1
full_user_1_1333627711157;1.3;3;40;111913051;0
full_user_1_1333627711157;1.35;2;40;95991608;0
full_user_1_1333627711157;1.35;3;40;96850089;0
full_user_1_1333627711157;1.4;2;40;90205888;0
full_user_1_1333627711157;1.4;3;40;93491012;0
face_user_1_1333627711157;1.05;2;40;41436131;0
face_user_1_1333627711157;1.05;3;40;41986559;0
face_user_1_1333627711157;1.1;2;40;39614386;0
face_user_1_1333627711157;1.1;3;40;41419441;0
face_user_1_1333627711157;1.15;2;40;39979039;0
face_user_1_1333627711157;1.15;3;40;40758262;0
face_user_1_1333627711157;1.2;2;40;41340937;0
face_user_1_1333627711157;1.2;3;40;40224948;0
face_user_1_1333627711157;1.25;2;40;33063773;0
face_user_1_1333627711157;1.25;3;40;33601408;0
face_user_1_1333627711157;1.3;2;40;34855620;0
face_user_1_1333627711157;1.3;3;40;35932161;0
face_user_1_1333627711157;1.35;2;40;35434456;0
face_user_1_1333627711157;1.35;3;40;37716879;0
face_user_1_1333627711157;1.4;2;40;36671281;0
face_user_1_1333627711157;1.4;3;40;38283925;0
full_user_1_1333627715917;1.05;2;40;304621692;1
full_user_1_1333627715917;1.05;3;40;314327825;0
full_user_1_1333627715917;1.1;2;40;179466187;0
full_user_1_1333627715917;1.1;3;40;174897868;0
full_user_1_1333627715917;1.15;2;40;164731979;0
full_user_1_1333627715917;1.15;3;40;146682337;0
full_user_1_1333627715917;1.2;2;40;122581238;0
full_user_1_1333627715917;1.2;3;40;124614938;0
full_user_1_1333627715917;1.25;2;40;106492449;1
full_user_1_1333627715917;1.25;3;40;106369117;0
full_user_1_1333627715917;1.3;2;40;108182966;0
full_user_1_1333627715917;1.3;3;40;107729896;0
full_user_1_1333627715917;1.35;2;40;91725565;0
full_user_1_1333627715917;1.35;3;40;86144263;0
full_user_1_1333627715917;1.4;2;40;81011560;0
full_user_1_1333627715917;1.4;3;40;82541012;0
full_user_1_1333627707659;1.05;2;40;280291788;1
full_user_1_1333627707659;1.05;3;40;300831341;1
full_user_1_1333627707659;1.1;2;40;177152278;0
full_user_1_1333627707659;1.1;3;40;169445920;0
full_user_1_1333627707659;1.15;2;40;138682432;0
full_user_1_1333627707659;1.15;3;40;133317590;0
full_user_1_1333627707659;1.2;2;40;109723726;0
full_user_1_1333627707659;1.2;3;40;109524817;0
full_user_1_1333627707659;1.25;2;40;93583270;0
full_user_1_1333627707659;1.25;3;40;112392224;0
full_user_1_1333627707659;1.3;2;40;112241866;0
full_user_1_1333627707659;1.3;3;40;100901237;0
full_user_1_1333627707659;1.35;2;40;92781491;0
full_user_1_1333627707659;1.35;3;40;93991561;0
full_user_1_1333627707659;1.4;2;40;89715317;0
full_user_1_1333627707659;1.4;3;40;84344176;0
face_user_1_1333627716640;1.05;2;40;37508469;0
face_user_1_1333627716640;1.05;3;40;37870596;0
face_user_1_1333627716640;1.1;2;40;35571918;0
face_user_1_1333627716640;1.1;3;40;36237712;0
face_user_1_1333627716640;1.15;2;40;36655913;0
face_user_1_1333627716640;1.15;3;40;37016230;0
face_user_1_1333627716640;1.2;2;40;37617979;0
face_user_1_1333627716640;1.2;3;40;38047160;0
face_user_1_1333627716640;1.25;2;40;38140529;0
face_user_1_1333627716640;1.25;3;40;38751091;0
face_user_1_1333627716640;1.3;2;40;39645471;0
face_user_1_1333627716640;1.3;3;40;40158464;0
face_user_1_1333627716640;1.35;2;40;39562847;0
face_user_1_1333627716640;1.35;3;40;39141296;0
face_user_1_1333627716640;1.4;2;40;32640324;0
face_user_1_1333627716640;1.4;3;40;33082561;0
face_user_1_1333627714331;1.05;2;40;41326830;0
face_user_1_1333627714331;1.05;3;40;41930963;0
face_user_1_1333627714331;1.1;2;40;38378130;0
face_user_1_1333627714331;1.1;3;40;38998189;0
face_user_1_1333627714331;1.15;2;40;38840764;0
face_user_1_1333627714331;1.15;3;40;39082828;0
face_user_1_1333627714331;1.2;2;40;39334268;0
face_user_1_1333627714331;1.2;3;40;40031139;0
face_user_1_1333627714331;1.25;2;40;39518989;0
face_user_1_1333627714331;1.25;3;40;40268947;0
face_user_1_1333627714331;1.3;2;40;40169634;0
face_user_1_1333627714331;1.3;3;40;39773694;0
face_user_1_1333627714331;1.35;2;40;33411513;0
face_user_1_1333627714331;1.35;3;40;33720420;0
face_user_1_1333627714331;1.4;2;40;33870165;0
face_user_1_1333627714331;1.4;3;40;34573185;0
face_user_1_1333627713515;1.05;2;40;41374041;0
face_user_1_1333627713515;1.05;3;40;42227300;0
face_user_1_1333627713515;1.1;2;40;39459834;0
face_user_1_1333627713515;1.1;3;40;40113343;0
face_user_1_1333627713515;1.15;2;40;39373228;0
face_user_1_1333627713515;1.15;3;40;39836279;0
face_user_1_1333627713515;1.2;2;40;40099796;0
face_user_1_1333627713515;1.2;3;40;40780747;0
face_user_1_1333627713515;1.25;2;40;39835714;0
face_user_1_1333627713515;1.25;3;40;39594910;0
face_user_1_1333627713515;1.3;2;40;33232577;0
face_user_1_1333627713515;1.3;3;40;33499095;0
face_user_1_1333627713515;1.35;2;40;34324971;0
face_user_1_1333627713515;1.35;3;40;34894383;0
face_user_1_1333627713515;1.4;2;40;35186870;0
face_user_1_1333627713515;1.4;3;40;36049906;0
face_user_1_1333627709481;1.05;2;40;39561881;0
face_user_1_1333627709481;1.05;3;40;40443267;0
face_user_1_1333627709481;1.1;2;40;39052452;0
face_user_1_1333627709481;1.1;3;40;39448733;0
face_user_1_1333627709481;1.15;2;40;39444957;0
face_user_1_1333627709481;1.15;3;40;40088758;0
face_user_1_1333627709481;1.2;2;40;38772878;0
face_user_1_1333627709481;1.2;3;40;32976334;0
face_user_1_1333627709481;1.25;2;40;32949016;0
face_user_1_1333627709481;1.25;3;40;33603230;0
face_user_1_1333627709481;1.3;2;40;34195688;0
face_user_1_1333627709481;1.3;3;40;35055918;0
face_user_1_1333627709481;1.35;2;40;35618085;0
face_user_1_1333627709481;1.35;3;40;36258801;0
face_user_1_1333627709481;1.4;2;40;36392057;0
face_user_1_1333627709481;1.4;3;40;37726236;0
full_user_1_1333627706829;1.05;2;40;256490718;1
full_user_1_1333627706829;1.05;3;40;261333301;0
full_user_1_1333627706829;1.1;2;40;151194718;0
full_user_1_1333627706829;1.1;3;40;151827409;0
full_user_1_1333627706829;1.15;2;40;122016629;1
full_user_1_1333627706829;1.15;3;40;147558291;0
full_user_1_1333627706829;1.2;2;40;108990253;0
full_user_1_1333627706829;1.2;3;40;110464464;0
full_user_1_1333627706829;1.25;2;40;96971968;0
full_user_1_1333627706829;1.25;3;40;98479080;0
full_user_1_1333627706829;1.3;2;40;100615861;0
full_user_1_1333627706829;1.3;3;40;95365972;0
full_user_1_1333627706829;1.35;2;40;81969639;0
full_user_1_1333627706829;1.35;3;40;82486406;0
full_user_1_1333627706829;1.4;2;40;78512282;0
full_user_1_1333627706829;1.4;3;40;79919034;0
full_user_1_1333627711951;1.05;2;40;285700371;1
full_user_1_1333627711951;1.05;3;40;289251518;1
full_user_1_1333627711951;1.1;2;40;171866552;1
full_user_1_1333627711951;1.1;3;40;180977275;1
full_user_1_1333627711951;1.15;2;40;149805291;0
full_user_1_1333627711951;1.15;3;40;130421755;0
full_user_1_1333627711951;1.2;2;40;112222094;0
full_user_1_1333627711951;1.2;3;40;113608229;0
full_user_1_1333627711951;1.25;2;40;96870837;0
full_user_1_1333627711951;1.25;3;40;98390517;0
full_user_1_1333627711951;1.3;2;40;103756770;0
full_user_1_1333627711951;1.3;3;40;105394057;0
full_user_1_1333627711951;1.35;2;40;107171448;0
full_user_1_1333627711951;1.35;3;40;111735857;0
full_user_1_1333627711951;1.4;2;40;92252728;0
full_user_1_1333627711951;1.4;3;40;81466786;0
full_user_1_1333627713515;1.05;2;40;282858801;0
full_user_1_1333627713515;1.05;3;40;284431214;0
full_user_1_1333627713515;1.1;2;40;165558765;0
full_user_1_1333627713515;1.1;3;40;175820056;0
full_user_1_1333627713515;1.15;2;40;138273797;0
full_user_1_1333627713515;1.15;3;40;139231881;0
full_user_1_1333627713515;1.2;2;40;122451745;0
full_user_1_1333627713515;1.2;3;40;116878411;0
full_user_1_1333627713515;1.25;2;40;96723197;0
full_user_1_1333627713515;1.25;3;40;101323500;0
full_user_1_1333627713515;1.3;2;40;102213065;0
full_user_1_1333627713515;1.3;3;40;102431322;0
full_user_1_1333627713515;1.35;2;40;94419266;0
full_user_1_1333627713515;1.35;3;40;95457460;0
full_user_1_1333627713515;1.4;2;40;95019839;0
full_user_1_1333627713515;1.4;3;40;94533246;0
face_user_1_1333627711951;1.05;2;40;44880782;0
face_user_1_1333627711951;1.05;3;40;46808186;0
face_user_1_1333627711951;1.1;2;40;42176518;0
face_user_1_1333627711951;1.1;3;40;38738662;0
face_user_1_1333627711951;1.15;2;40;35573727;0
face_user_1_1333627711951;1.15;3;40;40416934;0
face_user_1_1333627711951;1.2;2;40;47838003;0
face_user_1_1333627711951;1.2;3;40;42427674;0
face_user_1_1333627711951;1.25;2;40;39835370;0
face_user_1_1333627711951;1.25;3;40;43913542;0
face_user_1_1333627711951;1.3;2;40;37324724;0
face_user_1_1333627711951;1.3;3;40;40189675;0
face_user_1_1333627711951;1.35;2;40;38546169;0
face_user_1_1333627711951;1.35;3;40;39350121;0
face_user_1_1333627711951;1.4;2;40;38094577;0
face_user_1_1333627711951;1.4;3;40;42504011;0
full_user_1_1333627702033;1.05;2;40;285915756;1
full_user_1_1333627702033;1.05;3;40;310878218;0
full_user_1_1333627702033;1.1;2;40;197061156;0
full_user_1_1333627702033;1.1;3;40;164141614;0
full_user_1_1333627702033;1.15;2;40;134210783;1
full_user_1_1333627702033;1.15;3;40;133952162;0
full_user_1_1333627702033;1.2;2;40;116975979;0
full_user_1_1333627702033;1.2;3;40;112126206;0
full_user_1_1333627702033;1.25;2;40;90331668;0
full_user_1_1333627702033;1.25;3;40;91552565;0
full_user_1_1333627702033;1.3;2;40;93894625;0
full_user_1_1333627702033;1.3;3;40;95927628;0
full_user_1_1333627702033;1.35;2;40;87866480;0
full_user_1_1333627702033;1.35;3;40;90052303;0
full_user_1_1333627702033;1.4;2;40;86305178;0
full_user_1_1333627702033;1.4;3;40;88634388;0
full_user_1_1333627715130;1.05;2;40;274268053;1
full_user_1_1333627715130;1.05;3;40;263754843;0
full_user_1_1333627715130;1.1;2;40;154950639;1
full_user_1_1333627715130;1.1;3;40;154621064;0
full_user_1_1333627715130;1.15;2;40;132576423;0
full_user_1_1333627715130;1.15;3;40;139080819;0
full_user_1_1333627715130;1.2;2;40;112728507;0
full_user_1_1333627715130;1.2;3;40;114785620;0
full_user_1_1333627715130;1.25;2;40;99011748;0
full_user_1_1333627715130;1.25;3;40;100427787;0
full_user_1_1333627715130;1.3;2;40;97831924;0
full_user_1_1333627715130;1.3;3;40;92094533;0
full_user_1_1333627715130;1.35;2;40;83881202;0
full_user_1_1333627715130;1.35;3;40;84550906;0
full_user_1_1333627715130;1.4;2;40;81142368;0
full_user_1_1333627715130;1.4;3;40;82103456;0
face_user_1_1333627715917;1.05;2;40;50916044;0
face_user_1_1333627715917;1.05;3;40;50321836;0
face_user_1_1333627715917;1.1;2;40;44069422;0
face_user_1_1333627715917;1.1;3;40;44556854;0
face_user_1_1333627715917;1.15;2;40;43547583;0
face_user_1_1333627715917;1.15;3;40;42592354;0
face_user_1_1333627715917;1.2;2;40;36279407;0
face_user_1_1333627715917;1.2;3;40;36573784;0
face_user_1_1333627715917;1.25;2;40;35760411;0
face_user_1_1333627715917;1.25;3;40;37327165;0
face_user_1_1333627715917;1.3;2;40;37004349;0
face_user_1_1333627715917;1.3;3;40;37927731;0
face_user_1_1333627715917;1.35;2;40;37782673;0
face_user_1_1333627715917;1.35;3;40;38579414;0
face_user_1_1333627715917;1.4;2;40;39109097;0
face_user_1_1333627715917;1.4;3;40;39876156;0
face_user_1_1333627702033;1.05;2;40;53987941;0
face_user_1_1333627702033;1.05;3;40;54883169;0
face_user_1_1333627702033;1.1;2;40;46005147;0
face_user_1_1333627702033;1.1;3;40;40218668;0
face_user_1_1333627702033;1.15;2;40;38621594;0
face_user_1_1333627702033;1.15;3;40;39267151;0
face_user_1_1333627702033;1.2;2;40;38336646;0
face_user_1_1333627702033;1.2;3;40;39466264;0
face_user_1_1333627702033;1.25;2;40;38412216;0
face_user_1_1333627702033;1.25;3;40;38903340;0
face_user_1_1333627702033;1.3;2;40;40236196;0
face_user_1_1333627702033;1.3;3;40;40569331;0
face_user_1_1333627702033;1.35;2;40;41143152;0
face_user_1_1333627702033;1.35;3;40;41587198;0
face_user_1_1333627702033;1.4;2;40;41633305;0
face_user_1_1333627702033;1.4;3;40;41104523;0
face_user_1_1333627705785;1.05;2;40;44394748;0
face_user_1_1333627705785;1.05;3;40;44350273;0
face_user_1_1333627705785;1.1;2;40;39190383;0
face_user_1_1333627705785;1.1;3;40;40032397;0
face_user_1_1333627705785;1.15;2;40;38915496;0
face_user_1_1333627705785;1.15;3;40;39529810;0
face_user_1_1333627705785;1.2;2;40;39089752;0
face_user_1_1333627705785;1.2;3;40;39796052;0
face_user_1_1333627705785;1.25;2;40;39620821;0
face_user_1_1333627705785;1.25;3;40;40081427;0
face_user_1_1333627705785;1.3;2;40;40941515;0
face_user_1_1333627705785;1.3;3;40;41558082;0
face_user_1_1333627705785;1.35;2;40;39966812;0
face_user_1_1333627705785;1.35;3;40;34370435;0
face_user_1_1333627705785;1.4;2;40;37017975;0
face_user_1_1333627705785;1.4;3;40;34960799;0
face_user_1_1333627712763;1.05;2;40;40340118;0
face_user_1_1333627712763;1.05;3;40;39506908;0
face_user_1_1333627712763;1.1;2;40;37576775;0
face_user_1_1333627712763;1.1;3;40;38411800;0
face_user_1_1333627712763;1.15;2;40;37671550;0
face_user_1_1333627712763;1.15;3;40;38506427;0
face_user_1_1333627712763;1.2;2;40;38818909;0
face_user_1_1333627712763;1.2;3;40;39358500;0
face_user_1_1333627712763;1.25;2;40;39556697;0
face_user_1_1333627712763;1.25;3;40;39576617;0
face_user_1_1333627712763;1.3;2;40;39526742;0
face_user_1_1333627712763;1.3;3;40;33125235;0
face_user_1_1333627712763;1.35;2;40;32813456;0
face_user_1_1333627712763;1.35;3;40;33637374;0
face_user_1_1333627712763;1.4;2;40;34399771;0
face_user_1_1333627712763;1.4;3;40;34911212;0
full_user_1_1333627705785;1.05;2;40;265940597;1
full_user_1_1333627705785;1.05;3;40;259610108;1
full_user_1_1333627705785;1.1;2;40;158292961;0
full_user_1_1333627705785;1.1;3;40;160592628;0
full_user_1_1333627705785;1.15;2;40;130781854;0
full_user_1_1333627705785;1.15;3;40;137412310;0
full_user_1_1333627705785;1.2;2;40;114667305;0
full_user_1_1333627705785;1.2;3;40;113518835;0
full_user_1_1333627705785;1.25;2;40;96344230;0
full_user_1_1333627705785;1.25;3;40;96194497;0
full_user_1_1333627705785;1.3;2;40;97697969;0
full_user_1_1333627705785;1.3;3;40;98644317;0
full_user_1_1333627705785;1.35;2;40;91374332;0
full_user_1_1333627705785;1.35;3;40;93593670;0
full_user_1_1333627705785;1.4;2;40;83816111;0
full_user_1_1333627705785;1.4;3;40;77485617;0
full_user_1_1333627716640;1.05;2;40;295447906;1
full_user_1_1333627716640;1.05;3;40;288168768;1
full_user_1_1333627716640;1.1;2;40;160215699;1
full_user_1_1333627716640;1.1;3;40;159907416;1
full_user_1_1333627716640;1.15;2;40;137638235;1
full_user_1_1333627716640;1.15;3;40;132884849;1
full_user_1_1333627716640;1.2;2;40;116839786;0
full_user_1_1333627716640;1.2;3;40;111453695;0
full_user_1_1333627716640;1.25;2;40;89218052;0
full_user_1_1333627716640;1.25;3;40;89802614;0
full_user_1_1333627716640;1.3;2;40;93731406;1
full_user_1_1333627716640;1.3;3;40;94314719;0
full_user_1_1333627716640;1.35;2;40;87072176;0
full_user_1_1333627716640;1.35;3;40;88752416;0
full_user_1_1333627716640;1.4;2;40;105381838;0
full_user_1_1333627716640;1.4;3;40;101220136;0
full_user_1_1333627708537;1.05;2;40;317028793;0
full_user_1_1333627708537;1.05;3;40;287168773;0
full_user_1_1333627708537;1.1;2;40;174577721;0
full_user_1_1333627708537;1.1;3;40;180946895;0
full_user_1_1333627708537;1.15;2;40;140252048;0
full_user_1_1333627708537;1.15;3;40;144867100;0
full_user_1_1333627708537;1.2;2;40;120111570;0
full_user_1_1333627708537;1.2;3;40;120224014;0
full_user_1_1333627708537;1.25;2;40;103863910;0
full_user_1_1333627708537;1.25;3;40;105584238;0
full_user_1_1333627708537;1.3;2;40;103735255;0
full_user_1_1333627708537;1.3;3;40;97893172;0
full_user_1_1333627708537;1.35;2;40;87554225;0
full_user_1_1333627708537;1.35;3;40;88981565;0
full_user_1_1333627708537;1.4;2;40;84859741;0
full_user_1_1333627708537;1.4;3;40;86073940;0
full_user_1_1333627710206;1.05;2;40;302142817;1
full_user_1_1333627710206;1.05;3;40;300041995;1
full_user_1_1333627710206;1.1;2;40;182245807;0
full_user_1_1333627710206;1.1;3;40;177129365;0
full_user_1_1333627710206;1.15;2;40;151846963;0
full_user_1_1333627710206;1.15;3;40;135913021;0
full_user_1_1333627710206;1.2;2;40;119948213;0
full_user_1_1333627710206;1.2;3;40;124321682;0
full_user_1_1333627710206;1.25;2;40;103555349;0
full_user_1_1333627710206;1.25;3;40;102235828;0
full_user_1_1333627710206;1.3;2;40;105453571;0
full_user_1_1333627710206;1.3;3;40;131131619;0
full_user_1_1333627710206;1.35;2;40;98644941;1
full_user_1_1333627710206;1.35;3;40;93551484;0
full_user_1_1333627710206;1.4;2;40;81841422;0
full_user_1_1333627710206;1.4;3;40;81860829;0
face_user_1_1333627706829;1.05;2;40;44018795;0
face_user_1_1333627706829;1.05;3;40;44285381;0
face_user_1_1333627706829;1.1;2;40;40374196;0
face_user_1_1333627706829;1.1;3;40;40706014;0
face_user_1_1333627706829;1.15;2;40;39808553;0
face_user_1_1333627706829;1.15;3;40;40614594;0
face_user_1_1333627706829;1.2;2;40;40782069;0
face_user_1_1333627706829;1.2;3;40;41101109;0
face_user_1_1333627706829;1.25;2;40;40976857;0
face_user_1_1333627706829;1.25;3;40;39944817;0
face_user_1_1333627706829;1.3;2;40;34424279;0
face_user_1_1333627706829;1.3;3;40;34611245;0
face_user_1_1333627706829;1.35;2;40;34671658;0
face_user_1_1333627706829;1.35;3;40;35535660;0
face_user_1_1333627706829;1.4;2;40;36092997;0
face_user_1_1333627706829;1.4;3;40;36694962;0
full_user_1_1333627709481;1.05;2;40;323189277;1
full_user_1_1333627709481;1.05;3;40;307549026;0
full_user_1_1333627709481;1.1;2;40;179572206;0
full_user_1_1333627709481;1.1;3;40;177328071;0
full_user_1_1333627709481;1.15;2;40;136922441;0
full_user_1_1333627709481;1.15;3;40;134335376;0
full_user_1_1333627709481;1.2;2;40;147432786;0
full_user_1_1333627709481;1.2;3;40;123097214;0
full_user_1_1333627709481;1.25;2;40;103340446;0
full_user_1_1333627709481;1.25;3;40;115259276;0
full_user_1_1333627709481;1.3;2;40;112892077;0
full_user_1_1333627709481;1.3;3;40;116305226;0
full_user_1_1333627709481;1.35;2;40;104646127;0
full_user_1_1333627709481;1.35;3;40;109033915;0
full_user_1_1333627709481;1.4;2;40;80449677;0
full_user_1_1333627709481;1.4;3;40;80508004;0
full_user_1_1333627714331;1.05;2;40;303491590;0
full_user_1_1333627714331;1.05;3;40;290310458;0
full_user_1_1333627714331;1.1;2;40;173205616;0
full_user_1_1333627714331;1.1;3;40;178006294;0
full_user_1_1333627714331;1.15;2;40;143289314;0
full_user_1_1333627714331;1.15;3;40;144608541;0
full_user_1_1333627714331;1.2;2;40;120075118;0
full_user_1_1333627714331;1.2;3;40;112832848;0
full_user_1_1333627714331;1.25;2;40;106438260;0
full_user_1_1333627714331;1.25;3;40;98914109;0
full_user_1_1333627714331;1.3;2;40;105746136;0
full_user_1_1333627714331;1.3;3;40;106852271;0
full_user_1_1333627714331;1.35;2;40;100513061;0
full_user_1_1333627714331;1.35;3;40;99955800;0
full_user_1_1333627714331;1.4;2;40;98205710;0
full_user_1_1333627714331;1.4;3;40;94164837;0
face_user_1_1333627715130;1.05;2;40;49245157;1
face_user_1_1333627715130;1.05;3;40;43381986;1
face_user_1_1333627715130;1.1;2;40;38506506;0
face_user_1_1333627715130;1.1;3;40;38924573;0
face_user_1_1333627715130;1.15;2;40;37976408;1
face_user_1_1333627715130;1.15;3;40;38606796;1
face_user_1_1333627715130;1.2;2;40;38652957;1
face_user_1_1333627715130;1.2;3;40;39277763;1
face_user_1_1333627715130;1.25;2;40;38864854;0
face_user_1_1333627715130;1.25;3;40;39470385;0
face_user_1_1333627715130;1.3;2;40;40878659;0
face_user_1_1333627715130;1.3;3;40;41332351;0
face_user_1_1333627715130;1.35;2;40;41001518;0
face_user_1_1333627715130;1.35;3;40;41009822;0
face_user_1_1333627715130;1.4;2;40;40411703;0
face_user_1_1333627715130;1.4;3;40;34218531;0
face_user_1_1333627708537;1.05;2;40;38652819;0
face_user_1_1333627708537;1.05;3;40;39161055;0
face_user_1_1333627708537;1.1;2;40;36634829;0
face_user_1_1333627708537;1.1;3;40;37375006;0
face_user_1_1333627708537;1.15;2;40;37070143;0
face_user_1_1333627708537;1.15;3;40;37906493;0
face_user_1_1333627708537;1.2;2;40;37960492;0
face_user_1_1333627708537;1.2;3;40;38534082;0
face_user_1_1333627708537;1.25;2;40;38722384;0
face_user_1_1333627708537;1.25;3;40;42116246;0
face_user_1_1333627708537;1.3;2;40;43262490;0
face_user_1_1333627708537;1.3;3;40;40296042;0
face_user_1_1333627708537;1.35;2;40;40238638;0
face_user_1_1333627708537;1.35;3;40;32835808;0
face_user_1_1333627708537;1.4;2;40;32992682;0
face_user_1_1333627708537;1.4;3;40;33662656;0
full_user_1_1333627712763;1.05;2;40;288207737;1
full_user_1_1333627712763;1.05;3;40;288595705;1
full_user_1_1333627712763;1.1;2;40;174445086;1
full_user_1_1333627712763;1.1;3;40;177028030;1
full_user_1_1333627712763;1.15;2;40;157206162;1
full_user_1_1333627712763;1.15;3;40;142753425;0
full_user_1_1333627712763;1.2;2;40;121835314;0
full_user_1_1333627712763;1.2;3;40;119772921;0
full_user_1_1333627712763;1.25;2;40;101940270;0
full_user_1_1333627712763;1.25;3;40;99071744;0
full_user_1_1333627712763;1.3;2;40;103446954;0
full_user_1_1333627712763;1.3;3;40;102742677;0
full_user_1_1333627712763;1.35;2;40;116635989;0
full_user_1_1333627712763;1.35;3;40;103443389;0
full_user_1_1333627712763;1.4;2;40;101344457;0
full_user_1_1333627712763;1.4;3;40;95236273;0
face_user_1_1333627707659;1.05;2;40;48640124;0
face_user_1_1333627707659;1.05;3;40;39661744;0
face_user_1_1333627707659;1.1;2;40;36421878;0
face_user_1_1333627707659;1.1;3;40;36996957;0
face_user_1_1333627707659;1.15;2;40;36182953;0
face_user_1_1333627707659;1.15;3;40;36743636;0
face_user_1_1333627707659;1.2;2;40;36957985;0
face_user_1_1333627707659;1.2;3;40;37536967;0
face_user_1_1333627707659;1.25;2;40;37546115;0
face_user_1_1333627707659;1.25;3;40;38386586;0
face_user_1_1333627707659;1.3;2;40;39087791;0
face_user_1_1333627707659;1.3;3;40;39624582;0
face_user_1_1333627707659;1.35;2;40;40364220;0
face_user_1_1333627707659;1.35;3;40;39164958;0
face_user_1_1333627707659;1.4;2;40;32891059;0
face_user_1_1333627707659;1.4;3;40;33327981;0
face_user_1_1333627710206;1.05;2;40;42729737;0
face_user_1_1333627710206;1.05;3;40;38075019;0
face_user_1_1333627710206;1.1;2;40;36184566;0
face_user_1_1333627710206;1.1;3;40;36899175;0
face_user_1_1333627710206;1.15;2;40;38020408;0
face_user_1_1333627710206;1.15;3;40;37411804;0
face_user_1_1333627710206;1.2;2;40;37646624;0
face_user_1_1333627710206;1.2;3;40;38376112;0
face_user_1_1333627710206;1.25;2;40;38392799;0
face_user_1_1333627710206;1.25;3;40;38904595;0
face_user_1_1333627710206;1.3;2;40;37767231;0
face_user_1_1333627710206;1.3;3;40;32420743;0
face_user_1_1333627710206;1.35;2;40;32576274;0
face_user_1_1333627710206;1.35;3;40;33559648;0
face_user_1_1333627710206;1.4;2;40;33505099;0
face_user_1_1333627710206;1.4;3;40;34077381;0
