full_user_1_1333627711157;1.05;2;40;591257525;0
full_user_1_1333627711157;1.05;3;40;421951566;0
full_user_1_1333627711157;1.1;2;40;228587720;0
full_user_1_1333627711157;1.1;3;40;211327435;0
full_user_1_1333627711157;1.15;2;40;181352465;0
full_user_1_1333627711157;1.15;3;40;179957242;0
full_user_1_1333627711157;1.2;2;40;149089205;0
full_user_1_1333627711157;1.2;3;40;148879901;0
full_user_1_1333627711157;1.25;2;40;107035748;0
full_user_1_1333627711157;1.25;3;40;106539174;0
full_user_1_1333627711157;1.3;2;40;115187276;0
full_user_1_1333627711157;1.3;3;40;116023343;0
full_user_1_1333627711157;1.35;2;40;92353785;0
full_user_1_1333627711157;1.35;3;40;92184627;0
full_user_1_1333627711157;1.4;2;40;84745483;0
full_user_1_1333627711157;1.4;3;40;83543722;0
face_user_1_1333627711157;1.05;2;40;34508931;0
face_user_1_1333627711157;1.05;3;40;34223069;0
face_user_1_1333627711157;1.1;2;40;29551871;0
face_user_1_1333627711157;1.1;3;40;27186556;0
face_user_1_1333627711157;1.15;2;40;25844069;0
face_user_1_1333627711157;1.15;3;40;26629436;0
face_user_1_1333627711157;1.2;2;40;26055199;0
face_user_1_1333627711157;1.2;3;40;27031297;0
face_user_1_1333627711157;1.25;2;40;26284977;0
face_user_1_1333627711157;1.25;3;40;27649957;0
face_user_1_1333627711157;1.3;2;40;28247097;0
face_user_1_1333627711157;1.3;3;40;28339781;0
face_user_1_1333627711157;1.35;2;40;28558581;0
face_user_1_1333627711157;1.35;3;40;28814571;0
face_user_1_1333627711157;1.4;2;40;28958839;0
face_user_1_1333627711157;1.4;3;40;28726842;0
full_user_1_1333627715917;1.05;2;40;369987003;0
full_user_1_1333627715917;1.05;3;40;393134490;0
full_user_1_1333627715917;1.1;2;40;188834001;0
full_user_1_1333627715917;1.1;3;40;186248686;0
full_user_1_1333627715917;1.15;2;40;169361058;0
full_user_1_1333627715917;1.15;3;40;165250280;0
full_user_1_1333627715917;1.2;2;40;141576029;0
full_user_1_1333627715917;1.2;3;40;127409993;0
full_user_1_1333627715917;1.25;2;40;91423980;0
full_user_1_1333627715917;1.25;3;40;91387249;0
full_user_1_1333627715917;1.3;2;40;100599247;0
full_user_1_1333627715917;1.3;3;40;100640944;0
full_user_1_1333627715917;1.35;2;40;81485781;0
full_user_1_1333627715917;1.35;3;40;82095846;0
full_user_1_1333627715917;1.4;2;40;71372760;0
full_user_1_1333627715917;1.4;3;40;71176999;0
full_user_1_1333627707659;1.05;2;40;349878294;1
full_user_1_1333627707659;1.05;3;40;346832787;1
full_user_1_1333627707659;1.1;2;40;177760242;0
full_user_1_1333627707659;1.1;3;40;213771249;0
full_user_1_1333627707659;1.15;2;40;153385424;0
full_user_1_1333627707659;1.15;3;40;153378726;0
full_user_1_1333627707659;1.2;2;40;126164508;0
full_user_1_1333627707659;1.2;3;40;126346656;0
full_user_1_1333627707659;1.25;2;40;92445266;0
full_user_1_1333627707659;1.25;3;40;92147479;0
full_user_1_1333627707659;1.3;2;40;100665595;0
full_user_1_1333627707659;1.3;3;40;100979457;0
full_user_1_1333627707659;1.35;2;40;82201453;0
full_user_1_1333627707659;1.35;3;40;82104562;0
full_user_1_1333627707659;1.4;2;40;71062471;0
full_user_1_1333627707659;1.4;3;40;70773234;0
face_user_1_1333627716640;1.05;2;40;27331904;0
face_user_1_1333627716640;1.05;3;40;27521792;0
face_user_1_1333627716640;1.1;2;40;24554590;0
face_user_1_1333627716640;1.1;3;40;24579100;0
face_user_1_1333627716640;1.15;2;40;24426716;0
face_user_1_1333627716640;1.15;3;40;24337234;0
face_user_1_1333627716640;1.2;2;40;23809321;0
face_user_1_1333627716640;1.2;3;40;23856588;0
face_user_1_1333627716640;1.25;2;40;23190805;0
face_user_1_1333627716640;1.25;3;40;23126126;0
face_user_1_1333627716640;1.3;2;40;23125907;0
face_user_1_1333627716640;1.3;3;40;23310027;0
face_user_1_1333627716640;1.35;2;40;23027853;0
face_user_1_1333627716640;1.35;3;40;23080173;0
face_user_1_1333627716640;1.4;2;40;22736409;0
face_user_1_1333627716640;1.4;3;40;22987839;0
face_user_1_1333627714331;1.05;2;40;29366929;0
face_user_1_1333627714331;1.05;3;40;29483852;0
face_user_1_1333627714331;1.1;2;40;25658637;0
face_user_1_1333627714331;1.1;3;40;25448412;0
face_user_1_1333627714331;1.15;2;40;24978042;0
face_user_1_1333627714331;1.15;3;40;25075193;0
face_user_1_1333627714331;1.2;2;40;24384456;0
face_user_1_1333627714331;1.2;3;40;24374328;0
face_user_1_1333627714331;1.25;2;40;23509827;0
face_user_1_1333627714331;1.25;3;40;23756580;0
face_user_1_1333627714331;1.3;2;40;23702732;0
face_user_1_1333627714331;1.3;3;40;23594268;0
face_user_1_1333627714331;1.35;2;40;23175926;0
face_user_1_1333627714331;1.35;3;40;23602174;0
face_user_1_1333627714331;1.4;2;40;23023522;0
face_user_1_1333627714331;1.4;3;40;23016963;0
face_user_1_1333627713515;1.05;2;40;28633667;0
face_user_1_1333627713515;1.05;3;40;28816938;0
face_user_1_1333627713515;1.1;2;40;25260679;0
face_user_1_1333627713515;1.1;3;40;25308527;0
face_user_1_1333627713515;1.15;2;40;24805953;0
face_user_1_1333627713515;1.15;3;40;24778775;0
face_user_1_1333627713515;1.2;2;40;23895291;0
face_user_1_1333627713515;1.2;3;40;24192529;0
face_user_1_1333627713515;1.25;2;40;42366845;0
face_user_1_1333627713515;1.25;3;40;23599365;0
face_user_1_1333627713515;1.3;2;40;23892009;0
face_user_1_1333627713515;1.3;3;40;23477001;0
face_user_1_1333627713515;1.35;2;40;24646985;0
face_user_1_1333627713515;1.35;3;40;23362406;0
face_user_1_1333627713515;1.4;2;40;23043229;0
face_user_1_1333627713515;1.4;3;40;23019199;0
face_user_1_1333627709481;1.05;2;40;25983950;0
face_user_1_1333627709481;1.05;3;40;26118479;0
face_user_1_1333627709481;1.1;2;40;23941933;0
face_user_1_1333627709481;1.1;3;40;24086311;0
face_user_1_1333627709481;1.15;2;40;23697561;0
face_user_1_1333627709481;1.15;3;40;23989219;0
face_user_1_1333627709481;1.2;2;40;23543013;0
face_user_1_1333627709481;1.2;3;40;23375884;0
face_user_1_1333627709481;1.25;2;40;23041619;0
face_user_1_1333627709481;1.25;3;40;23377617;0
face_user_1_1333627709481;1.3;2;40;22963529;0
face_user_1_1333627709481;1.3;3;40;22930999;0
face_user_1_1333627709481;1.35;2;40;22747507;0
face_user_1_1333627709481;1.35;3;40;22749611;0
face_user_1_1333627709481;1.4;2;40;22642618;0
face_user_1_1333627709481;1.4;3;40;22703027;0
full_user_1_1333627706829;1.05;2;40;309850156;0
full_user_1_1333627706829;1.05;3;40;309807901;0
full_user_1_1333627706829;1.1;2;40;173379796;0
full_user_1_1333627706829;1.1;3;40;160967327;0
full_user_1_1333627706829;1.15;2;40;139024525;0
full_user_1_1333627706829;1.15;3;40;143553163;0
full_user_1_1333627706829;1.2;2;40;117602038;0
full_user_1_1333627706829;1.2;3;40;115246361;0
full_user_1_1333627706829;1.25;2;40;85583371;0
full_user_1_1333627706829;1.25;3;40;85623321;0
full_user_1_1333627706829;1.3;2;40;91193437;0
full_user_1_1333627706829;1.3;3;40;93285745;0
full_user_1_1333627706829;1.35;2;40;75574835;0
full_user_1_1333627706829;1.35;3;40;75955262;0
full_user_1_1333627706829;1.4;2;40;68238354;0
full_user_1_1333627706829;1.4;3;40;68228300;0
full_user_1_1333627711951;1.05;2;40;380409477;0
full_user_1_1333627711951;1.05;3;40;378477320;0
full_user_1_1333627711951;1.1;2;40;191300447;0
full_user_1_1333627711951;1.1;3;40;202045109;0
full_user_1_1333627711951;1.15;2;40;167240397;0
full_user_1_1333627711951;1.15;3;40;167564818;0
full_user_1_1333627711951;1.2;2;40;136089082;0
full_user_1_1333627711951;1.2;3;40;135978546;0
full_user_1_1333627711951;1.25;2;40;97221017;0
full_user_1_1333627711951;1.25;3;40;97416858;0
full_user_1_1333627711951;1.3;2;40;107963455;0
full_user_1_1333627711951;1.3;3;40;107760906;0
full_user_1_1333627711951;1.35;2;40;85705169;0
full_user_1_1333627711951;1.35;3;40;85933348;0
full_user_1_1333627711951;1.4;2;40;75401348;0
full_user_1_1333627711951;1.4;3;40;75463996;0
full_user_1_1333627713515;1.05;2;40;373739280;0
full_user_1_1333627713515;1.05;3;40;373648842;0
full_user_1_1333627713515;1.1;2;40;190008315;0
full_user_1_1333627713515;1.1;3;40;207897947;0
full_user_1_1333627713515;1.15;2;40;166219040;0
full_user_1_1333627713515;1.15;3;40;166596325;0
full_user_1_1333627713515;1.2;2;40;135497186;0
full_user_1_1333627713515;1.2;3;40;134361916;0
full_user_1_1333627713515;1.25;2;40;97558223;0
full_user_1_1333627713515;1.25;3;40;97184634;0
full_user_1_1333627713515;1.3;2;40;106302341;0
full_user_1_1333627713515;1.3;3;40;106258551;0
full_user_1_1333627713515;1.35;2;40;85908902;0
full_user_1_1333627713515;1.35;3;40;87096136;0
full_user_1_1333627713515;1.4;2;40;75358603;0
full_user_1_1333627713515;1.4;3;40;75638388;0
face_user_1_1333627711951;1.05;2;40;26698860;0
face_user_1_1333627711951;1.05;3;40;26818976;0
face_user_1_1333627711951;1.1;2;40;24185063;0
face_user_1_1333627711951;1.1;3;40;24435090;0
face_user_1_1333627711951;1.15;2;40;23967289;0
face_user_1_1333627711951;1.15;3;40;24121784;0
face_user_1_1333627711951;1.2;2;40;23444388;0
face_user_1_1333627711951;1.2;3;40;23440558;0
face_user_1_1333627711951;1.25;2;40;23053982;0
face_user_1_1333627711951;1.25;3;40;23032256;0
face_user_1_1333627711951;1.3;2;40;23017448;0
face_user_1_1333627711951;1.3;3;40;23069765;0
face_user_1_1333627711951;1.35;2;40;22718460;0
face_user_1_1333627711951;1.35;3;40;22798226;0
face_user_1_1333627711951;1.4;2;40;22647849;0
face_user_1_1333627711951;1.4;3;40;22568373;0
full_user_1_1333627702033;1.05;2;40;334648422;0
full_user_1_1333627702033;1.05;3;40;358581069;0
full_user_1_1333627702033;1.1;2;40;174742334;0
full_user_1_1333627702033;1.1;3;40;181320966;0
full_user_1_1333627702033;1.15;2;40;159736232;0
full_user_1_1333627702033;1.15;3;40;160962719;0
full_user_1_1333627702033;1.2;2;40;126313970;0
full_user_1_1333627702033;1.2;3;40;128498603;0
full_user_1_1333627702033;1.25;2;40;92592360;0
full_user_1_1333627702033;1.25;3;40;95907796;0
full_user_1_1333627702033;1.3;2;40;99774211;0
full_user_1_1333627702033;1.3;3;40;107879711;0
full_user_1_1333627702033;1.35;2;40;79965684;0
full_user_1_1333627702033;1.35;3;40;80183519;0
full_user_1_1333627702033;1.4;2;40;71197744;0
full_user_1_1333627702033;1.4;3;40;71830153;0
full_user_1_1333627715130;1.05;2;40;336959190;1
full_user_1_1333627715130;1.05;3;40;337822431;0
full_user_1_1333627715130;1.1;2;40;173530582;0
full_user_1_1333627715130;1.1;3;40;189854311;0
full_user_1_1333627715130;1.15;2;40;156522981;0
full_user_1_1333627715130;1.15;3;40;150398234;0
full_user_1_1333627715130;1.2;2;40;123585691;0
full_user_1_1333627715130;1.2;3;40;123777619;0
full_user_1_1333627715130;1.25;2;40;90830474;0
full_user_1_1333627715130;1.25;3;40;92006809;0
full_user_1_1333627715130;1.3;2;40;99855858;0
full_user_1_1333627715130;1.3;3;40;100533450;0
full_user_1_1333627715130;1.35;2;40;80270960;0
full_user_1_1333627715130;1.35;3;40;80565412;0
full_user_1_1333627715130;1.4;2;40;70172685;0
full_user_1_1333627715130;1.4;3;40;70693204;0
face_user_1_1333627715917;1.05;2;40;36458196;0
face_user_1_1333627715917;1.05;3;40;34643233;0
face_user_1_1333627715917;1.1;2;40;28348506;0
face_user_1_1333627715917;1.1;3;40;29397590;0
face_user_1_1333627715917;1.15;2;40;28117265;0
face_user_1_1333627715917;1.15;3;40;28344040;0
face_user_1_1333627715917;1.2;2;40;27407878;0
face_user_1_1333627715917;1.2;3;40;26824363;0
face_user_1_1333627715917;1.25;2;40;25705296;0
face_user_1_1333627715917;1.25;3;40;25240636;0
face_user_1_1333627715917;1.3;2;40;26571750;0
face_user_1_1333627715917;1.3;3;40;25758091;0
face_user_1_1333627715917;1.35;2;40;25111299;0
face_user_1_1333627715917;1.35;3;40;25007084;0
face_user_1_1333627715917;1.4;2;40;24835280;0
face_user_1_1333627715917;1.4;3;40;24483358;0
face_user_1_1333627702033;1.05;2;40;37406568;0
face_user_1_1333627702033;1.05;3;40;37886734;0
face_user_1_1333627702033;1.1;2;40;29754481;0
face_user_1_1333627702033;1.1;3;40;30139515;0
face_user_1_1333627702033;1.15;2;40;28964303;0
face_user_1_1333627702033;1.15;3;40;28348713;0
face_user_1_1333627702033;1.2;2;40;27664692;0
face_user_1_1333627702033;1.2;3;40;27819876;0
face_user_1_1333627702033;1.25;2;40;26420338;0
face_user_1_1333627702033;1.25;3;40;25318718;0
face_user_1_1333627702033;1.3;2;40;26539409;0
face_user_1_1333627702033;1.3;3;40;26014128;0
face_user_1_1333627702033;1.35;2;40;25155783;0
face_user_1_1333627702033;1.35;3;40;24771589;0
face_user_1_1333627702033;1.4;2;40;24878860;0
face_user_1_1333627702033;1.4;3;40;24855328;0
face_user_1_1333627705785;1.05;2;40;32775395;0
face_user_1_1333627705785;1.05;3;40;32816115;0
face_user_1_1333627705785;1.1;2;40;27276716;0
face_user_1_1333627705785;1.1;3;40;30523653;0
face_user_1_1333627705785;1.15;2;40;26807453;0
face_user_1_1333627705785;1.15;3;40;26925844;0
face_user_1_1333627705785;1.2;2;40;25892818;0
face_user_1_1333627705785;1.2;3;40;28215390;0
face_user_1_1333627705785;1.25;2;40;24721436;0
face_user_1_1333627705785;1.25;3;40;24762861;0
face_user_1_1333627705785;1.3;2;40;25468669;0
face_user_1_1333627705785;1.3;3;40;24963931;0
face_user_1_1333627705785;1.35;2;40;24314121;0
face_user_1_1333627705785;1.35;3;40;24876977;0
face_user_1_1333627705785;1.4;2;40;23536445;0
face_user_1_1333627705785;1.4;3;40;24303711;0
face_user_1_1333627712763;1.05;2;40;27494845;0
face_user_1_1333627712763;1.05;3;40;27481146;0
face_user_1_1333627712763;1.1;2;40;25179739;0
face_user_1_1333627712763;1.1;3;40;25153481;0
face_user_1_1333627712763;1.15;2;40;24623445;0
face_user_1_1333627712763;1.15;3;40;24770263;0
face_user_1_1333627712763;1.2;2;40;24001517;0
face_user_1_1333627712763;1.2;3;40;24306857;0
face_user_1_1333627712763;1.25;2;40;23865540;0
face_user_1_1333627712763;1.25;3;40;23254210;0
face_user_1_1333627712763;1.3;2;40;23417299;0
face_user_1_1333627712763;1.3;3;40;23965051;0
face_user_1_1333627712763;1.35;2;40;23539801;0
face_user_1_1333627712763;1.35;3;40;23414220;0
face_user_1_1333627712763;1.4;2;40;23280681;0
face_user_1_1333627712763;1.4;3;40;23459202;0
full_user_1_1333627705785;1.05;2;40;324242001;0
full_user_1_1333627705785;1.05;3;40;348336255;0
full_user_1_1333627705785;1.1;2;40;170168506;0
full_user_1_1333627705785;1.1;3;40;165539491;0
full_user_1_1333627705785;1.15;2;40;144239358;0
full_user_1_1333627705785;1.15;3;40;144341884;0
full_user_1_1333627705785;1.2;2;40;120222624;0
full_user_1_1333627705785;1.2;3;40;119656417;0
full_user_1_1333627705785;1.25;2;40;88027677;0
full_user_1_1333627705785;1.25;3;40;88200949;0
full_user_1_1333627705785;1.3;2;40;104285881;0
full_user_1_1333627705785;1.3;3;40;94755632;0
full_user_1_1333627705785;1.35;2;40;85529800;0
full_user_1_1333627705785;1.35;3;40;78564880;0
full_user_1_1333627705785;1.4;2;40;69325085;0
full_user_1_1333627705785;1.4;3;40;69518196;0
full_user_1_1333627716640;1.05;2;40;358645326;0
full_user_1_1333627716640;1.05;3;40;361132517;0
full_user_1_1333627716640;1.1;2;40;189260868;0
full_user_1_1333627716640;1.1;3;40;198242882;0
full_user_1_1333627716640;1.15;2;40;176677558;0
full_user_1_1333627716640;1.15;3;40;156753947;0
full_user_1_1333627716640;1.2;2;40;127625649;0
full_user_1_1333627716640;1.2;3;40;126494724;0
full_user_1_1333627716640;1.25;2;40;92831914;0
full_user_1_1333627716640;1.25;3;40;93115054;0
full_user_1_1333627716640;1.3;2;40;101496423;0
full_user_1_1333627716640;1.3;3;40;102421686;0
full_user_1_1333627716640;1.35;2;40;81734910;0
full_user_1_1333627716640;1.35;3;40;81753964;0
full_user_1_1333627716640;1.4;2;40;71433106;0
full_user_1_1333627716640;1.4;3;40;71085372;0
full_user_1_1333627708537;1.05;2;40;386450118;0
full_user_1_1333627708537;1.05;3;40;382109973;0
full_user_1_1333627708537;1.1;2;40;192483832;0
full_user_1_1333627708537;1.1;3;40;203018275;0
full_user_1_1333627708537;1.15;2;40;177915784;0
full_user_1_1333627708537;1.15;3;40;166577400;0
full_user_1_1333627708537;1.2;2;40;134335928;0
full_user_1_1333627708537;1.2;3;40;134781882;0
full_user_1_1333627708537;1.25;2;40;96622830;0
full_user_1_1333627708537;1.25;3;40;100748698;0
full_user_1_1333627708537;1.3;2;40;112887056;0
full_user_1_1333627708537;1.3;3;40;106196118;0
full_user_1_1333627708537;1.35;2;40;90700989;0
full_user_1_1333627708537;1.35;3;40;90482668;0
full_user_1_1333627708537;1.4;2;40;76148435;0
full_user_1_1333627708537;1.4;3;40;75142731;0
full_user_1_1333627710206;1.05;2;40;379936585;1
full_user_1_1333627710206;1.05;3;40;381458778;0
full_user_1_1333627710206;1.1;2;40;217207299;0
full_user_1_1333627710206;1.1;3;40;203839187;0
full_user_1_1333627710206;1.15;2;40;170445555;0
full_user_1_1333627710206;1.15;3;40;171488574;0
full_user_1_1333627710206;1.2;2;40;139279299;0
full_user_1_1333627710206;1.2;3;40;136065277;0
full_user_1_1333627710206;1.25;2;40;104745654;0
full_user_1_1333627710206;1.25;3;40;101880622;0
full_user_1_1333627710206;1.3;2;40;112545668;0
full_user_1_1333627710206;1.3;3;40;113148602;0
full_user_1_1333627710206;1.35;2;40;92260407;0
full_user_1_1333627710206;1.35;3;40;90710349;0
full_user_1_1333627710206;1.4;2;40;84504459;0
full_user_1_1333627710206;1.4;3;40;76780924;0
face_user_1_1333627706829;1.05;2;40;31667853;0
face_user_1_1333627706829;1.05;3;40;31336037;0
face_user_1_1333627706829;1.1;2;40;26477463;0
face_user_1_1333627706829;1.1;3;40;26617423;0
face_user_1_1333627706829;1.15;2;40;25861176;0
face_user_1_1333627706829;1.15;3;40;26076573;0
face_user_1_1333627706829;1.2;2;40;24958755;0
face_user_1_1333627706829;1.2;3;40;25040337;0
face_user_1_1333627706829;1.25;2;40;24310427;0
face_user_1_1333627706829;1.25;3;40;24549423;0
face_user_1_1333627706829;1.3;2;40;24285415;0
face_user_1_1333627706829;1.3;3;40;24370281;0
face_user_1_1333627706829;1.35;2;40;23801350;0
face_user_1_1333627706829;1.35;3;40;24012899;0
face_user_1_1333627706829;1.4;2;40;23361003;0
face_user_1_1333627706829;1.4;3;40;23369242;0
full_user_1_1333627709481;1.05;2;40;383824226;1
full_user_1_1333627709481;1.05;3;40;403680041;0
full_user_1_1333627709481;1.1;2;40;194186344;0
full_user_1_1333627709481;1.1;3;40;192839824;0
full_user_1_1333627709481;1.15;2;40;168342699;0
full_user_1_1333627709481;1.15;3;40;170206636;0
full_user_1_1333627709481;1.2;2;40;136559542;0
full_user_1_1333627709481;1.2;3;40;143872762;0
full_user_1_1333627709481;1.25;2;40;101020040;0
full_user_1_1333627709481;1.25;3;40;104329401;0
full_user_1_1333627709481;1.3;2;40;113740510;0
full_user_1_1333627709481;1.3;3;40;113566811;0
full_user_1_1333627709481;1.35;2;40;94867726;0
full_user_1_1333627709481;1.35;3;40;88513411;0
full_user_1_1333627709481;1.4;2;40;76965524;0
full_user_1_1333627709481;1.4;3;40;81218989;0
full_user_1_1333627714331;1.05;2;40;359062348;1
full_user_1_1333627714331;1.05;3;40;362698710;0
full_user_1_1333627714331;1.1;2;40;183251509;0
full_user_1_1333627714331;1.1;3;40;210678824;0
full_user_1_1333627714331;1.15;2;40;160760524;0
full_user_1_1333627714331;1.15;3;40;161026415;0
full_user_1_1333627714331;1.2;2;40;131365376;0
full_user_1_1333627714331;1.2;3;40;129828378;0
full_user_1_1333627714331;1.25;2;40;94807658;0
full_user_1_1333627714331;1.25;3;40;102587138;0
full_user_1_1333627714331;1.3;2;40;105507275;0
full_user_1_1333627714331;1.3;3;40;107385017;0
full_user_1_1333627714331;1.35;2;40;85216498;0
full_user_1_1333627714331;1.35;3;40;89905361;0
full_user_1_1333627714331;1.4;2;40;78122431;0
full_user_1_1333627714331;1.4;3;40;76815077;0
face_user_1_1333627715130;1.05;2;40;40834381;1
face_user_1_1333627715130;1.05;3;40;31990803;1
face_user_1_1333627715130;1.1;2;40;26762687;0
face_user_1_1333627715130;1.1;3;40;26734264;0
face_user_1_1333627715130;1.15;2;40;26105002;1
face_user_1_1333627715130;1.15;3;40;25791682;1
face_user_1_1333627715130;1.2;2;40;25269903;1
face_user_1_1333627715130;1.2;3;40;25250142;0
face_user_1_1333627715130;1.25;2;40;24015350;0
face_user_1_1333627715130;1.25;3;40;23960929;0
face_user_1_1333627715130;1.3;2;40;24396477;0
face_user_1_1333627715130;1.3;3;40;24338216;0
face_user_1_1333627715130;1.35;2;40;23975046;0
face_user_1_1333627715130;1.35;3;40;23936076;0
face_user_1_1333627715130;1.4;2;40;23636729;0
face_user_1_1333627715130;1.4;3;40;24704613;0
face_user_1_1333627708537;1.05;2;40;28059155;0
face_user_1_1333627708537;1.05;3;40;28341103;0
face_user_1_1333627708537;1.1;2;40;24999340;0
face_user_1_1333627708537;1.1;3;40;24938298;0
face_user_1_1333627708537;1.15;2;40;24591459;0
face_user_1_1333627708537;1.15;3;40;24352752;0
face_user_1_1333627708537;1.2;2;40;23998093;0
face_user_1_1333627708537;1.2;3;40;23940614;0
face_user_1_1333627708537;1.25;2;40;23445230;0
face_user_1_1333627708537;1.25;3;40;23448583;0
face_user_1_1333627708537;1.3;2;40;23631496;0
face_user_1_1333627708537;1.3;3;40;23549366;0
face_user_1_1333627708537;1.35;2;40;23333139;0
face_user_1_1333627708537;1.35;3;40;23171377;0
face_user_1_1333627708537;1.4;2;40;23011376;0
face_user_1_1333627708537;1.4;3;40;23183951;0
full_user_1_1333627712763;1.05;2;40;399374878;0
full_user_1_1333627712763;1.05;3;40;373599534;0
full_user_1_1333627712763;1.1;2;40;190448657;0
full_user_1_1333627712763;1.1;3;40;190332658;0
full_user_1_1333627712763;1.15;2;40;183624746;0
full_user_1_1333627712763;1.15;3;40;165543469;0
full_user_1_1333627712763;1.2;2;40;134021369;0
full_user_1_1333627712763;1.2;3;40;134057275;0
full_user_1_1333627712763;1.25;2;40;96430692;0
full_user_1_1333627712763;1.25;3;40;96349970;0
full_user_1_1333627712763;1.3;2;40;106122848;0
full_user_1_1333627712763;1.3;3;40;106055597;0
full_user_1_1333627712763;1.35;2;40;86186233;0
full_user_1_1333627712763;1.35;3;40;84703444;0
full_user_1_1333627712763;1.4;2;40;75251191;0
full_user_1_1333627712763;1.4;3;40;76352869;0
face_user_1_1333627707659;1.05;2;40;29472178;0
face_user_1_1333627707659;1.05;3;40;34893896;0
face_user_1_1333627707659;1.1;2;40;26194247;0
face_user_1_1333627707659;1.1;3;40;25344636;0
face_user_1_1333627707659;1.15;2;40;25127360;0
face_user_1_1333627707659;1.15;3;40;24859514;0
face_user_1_1333627707659;1.2;2;40;24205106;0
face_user_1_1333627707659;1.2;3;40;24435787;0
face_user_1_1333627707659;1.25;2;40;23588473;0
face_user_1_1333627707659;1.25;3;40;23580795;0
face_user_1_1333627707659;1.3;2;40;23589376;0
face_user_1_1333627707659;1.3;3;40;23743388;0
face_user_1_1333627707659;1.35;2;40;23270277;0
face_user_1_1333627707659;1.35;3;40;23356737;0
face_user_1_1333627707659;1.4;2;40;23022696;0
face_user_1_1333627707659;1.4;3;40;23201692;0
face_user_1_1333627710206;1.05;2;40;26682791;0
face_user_1_1333627710206;1.05;3;40;26741390;0
face_user_1_1333627710206;1.1;2;40;24057459;0
face_user_1_1333627710206;1.1;3;40;24195813;0
face_user_1_1333627710206;1.15;2;40;23857088;0
face_user_1_1333627710206;1.15;3;40;24243650;0
face_user_1_1333627710206;1.2;2;40;23522688;0
face_user_1_1333627710206;1.2;3;40;23340052;0
face_user_1_1333627710206;1.25;2;40;22964643;0
face_user_1_1333627710206;1.25;3;40;23105242;0
face_user_1_1333627710206;1.3;2;40;23196810;0
face_user_1_1333627710206;1.3;3;40;23036520;0
face_user_1_1333627710206;1.35;2;40;22707842;0
face_user_1_1333627710206;1.35;3;40;22612585;0
face_user_1_1333627710206;1.4;2;40;22687450;0
face_user_1_1333627710206;1.4;3;40;22574663;0
full_user_1_1333627711157;1.05;1;40;514397882;0
full_user_1_1333627711157;1.05;10;40;433148307;0
full_user_1_1333627711157;1.1;1;40;272670707;0
full_user_1_1333627711157;1.1;10;40;246359541;0
full_user_1_1333627711157;1.15;1;40;197558851;0
full_user_1_1333627711157;1.15;10;40;183629986;0
full_user_1_1333627711157;1.2;1;40;145768536;0
full_user_1_1333627711157;1.2;10;40;146389215;0
full_user_1_1333627711157;1.25;1;40;104315851;0
full_user_1_1333627711157;1.25;10;40;105730133;0
full_user_1_1333627711157;1.3;1;40;117492175;0
full_user_1_1333627711157;1.3;10;40;115078113;0
full_user_1_1333627711157;1.35;1;40;91087278;0
full_user_1_1333627711157;1.35;10;40;92473700;0
full_user_1_1333627711157;1.4;1;40;78489591;0
full_user_1_1333627711157;1.4;10;40;79693027;0
face_user_1_1333627711157;1.05;1;40;27791943;0
face_user_1_1333627711157;1.05;10;40;29151190;0
face_user_1_1333627711157;1.1;1;40;25351619;0
face_user_1_1333627711157;1.1;10;40;25001293;0
face_user_1_1333627711157;1.15;1;40;25418388;0
face_user_1_1333627711157;1.15;10;40;24556685;0
face_user_1_1333627711157;1.2;1;40;25982914;0
face_user_1_1333627711157;1.2;10;40;24162566;0
face_user_1_1333627711157;1.25;1;40;24347373;0
face_user_1_1333627711157;1.25;10;40;23472536;0
face_user_1_1333627711157;1.3;1;40;23390126;0
face_user_1_1333627711157;1.3;10;40;23833613;0
face_user_1_1333627711157;1.35;1;40;23261197;0
face_user_1_1333627711157;1.35;10;40;23757769;0
face_user_1_1333627711157;1.4;1;40;22764765;0
face_user_1_1333627711157;1.4;10;40;23646303;0
full_user_1_1333627715917;1.05;1;40;375493286;0
full_user_1_1333627715917;1.05;10;40;412105962;0
full_user_1_1333627715917;1.1;1;40;194008331;0
full_user_1_1333627715917;1.1;10;40;187254821;0
full_user_1_1333627715917;1.15;1;40;170855734;0
full_user_1_1333627715917;1.15;10;40;163740162;0
full_user_1_1333627715917;1.2;1;40;134536035;0
full_user_1_1333627715917;1.2;10;40;134726351;0
full_user_1_1333627715917;1.25;1;40;92175971;0
full_user_1_1333627715917;1.25;10;40;92034957;0
full_user_1_1333627715917;1.3;1;40;101376159;0
full_user_1_1333627715917;1.3;10;40;101166286;0
full_user_1_1333627715917;1.35;1;40;82369206;0
full_user_1_1333627715917;1.35;10;40;82215059;0
full_user_1_1333627715917;1.4;1;40;71687540;0
full_user_1_1333627715917;1.4;10;40;72986797;0
full_user_1_1333627707659;1.05;1;40;349782678;1
full_user_1_1333627707659;1.05;10;40;348168012;0
full_user_1_1333627707659;1.1;1;40;180419593;1
full_user_1_1333627707659;1.1;10;40;208937049;0
full_user_1_1333627707659;1.15;1;40;156336636;1
full_user_1_1333627707659;1.15;10;40;154947989;0
full_user_1_1333627707659;1.2;1;40;126988911;0
full_user_1_1333627707659;1.2;10;40;127051981;0
full_user_1_1333627707659;1.25;1;40;92640976;0
full_user_1_1333627707659;1.25;10;40;92348752;0
full_user_1_1333627707659;1.3;1;40;102225570;0
full_user_1_1333627707659;1.3;10;40;101342844;0
full_user_1_1333627707659;1.35;1;40;82311514;0
full_user_1_1333627707659;1.35;10;40;82344832;0
full_user_1_1333627707659;1.4;1;40;71264507;0
full_user_1_1333627707659;1.4;10;40;71210245;0
face_user_1_1333627716640;1.05;1;40;27508453;0
face_user_1_1333627716640;1.05;10;40;27392239;0
face_user_1_1333627716640;1.1;1;40;24613120;0
face_user_1_1333627716640;1.1;10;40;24632670;0
face_user_1_1333627716640;1.15;1;40;24583991;0
face_user_1_1333627716640;1.15;10;40;24429506;0
face_user_1_1333627716640;1.2;1;40;24059969;0
face_user_1_1333627716640;1.2;10;40;24072897;0
face_user_1_1333627716640;1.25;1;40;23390821;0
face_user_1_1333627716640;1.25;10;40;23400744;0
face_user_1_1333627716640;1.3;1;40;23268109;0
face_user_1_1333627716640;1.3;10;40;23280060;0
face_user_1_1333627716640;1.35;1;40;23266783;0
face_user_1_1333627716640;1.35;10;40;23215311;0
face_user_1_1333627716640;1.4;1;40;22998738;0
face_user_1_1333627716640;1.4;10;40;22916601;0
face_user_1_1333627714331;1.05;1;40;30002139;0
face_user_1_1333627714331;1.05;10;40;29508222;0
face_user_1_1333627714331;1.1;1;40;25643622;0
face_user_1_1333627714331;1.1;10;40;25885279;0
face_user_1_1333627714331;1.15;1;40;25142719;0
face_user_1_1333627714331;1.15;10;40;25162278;0
face_user_1_1333627714331;1.2;1;40;24626037;0
face_user_1_1333627714331;1.2;10;40;24701182;0
face_user_1_1333627714331;1.25;1;40;23741921;0
face_user_1_1333627714331;1.25;10;40;23663972;0
face_user_1_1333627714331;1.3;1;40;23824117;0
face_user_1_1333627714331;1.3;10;40;23625075;0
face_user_1_1333627714331;1.35;1;40;23640291;0
face_user_1_1333627714331;1.35;10;40;23507742;0
face_user_1_1333627714331;1.4;1;40;23563053;0
face_user_1_1333627714331;1.4;10;40;23289830;0
face_user_1_1333627713515;1.05;1;40;28828246;0
face_user_1_1333627713515;1.05;10;40;29088195;0
face_user_1_1333627713515;1.1;1;40;25410849;0
face_user_1_1333627713515;1.1;10;40;25498913;0
face_user_1_1333627713515;1.15;1;40;25167444;0
face_user_1_1333627713515;1.15;10;40;24956598;0
face_user_1_1333627713515;1.2;1;40;24097128;0
face_user_1_1333627713515;1.2;10;40;23966386;0
face_user_1_1333627713515;1.25;1;40;25292042;0
face_user_1_1333627713515;1.25;10;40;23992158;0
face_user_1_1333627713515;1.3;1;40;23575835;0
face_user_1_1333627713515;1.3;10;40;23706083;0
face_user_1_1333627713515;1.35;1;40;23817345;0
face_user_1_1333627713515;1.35;10;40;25976770;0
face_user_1_1333627713515;1.4;1;40;23262732;0
face_user_1_1333627713515;1.4;10;40;23052168;0
face_user_1_1333627709481;1.05;1;40;26077683;0
face_user_1_1333627709481;1.05;10;40;26105065;0
face_user_1_1333627709481;1.1;1;40;24103483;0
face_user_1_1333627709481;1.1;10;40;24035182;0
face_user_1_1333627709481;1.15;1;40;23888443;0
face_user_1_1333627709481;1.15;10;40;23927553;0
face_user_1_1333627709481;1.2;1;40;23353735;0
face_user_1_1333627709481;1.2;10;40;23598674;0
face_user_1_1333627709481;1.25;1;40;22979739;0
face_user_1_1333627709481;1.25;10;40;23123469;0
face_user_1_1333627709481;1.3;1;40;23280547;0
face_user_1_1333627709481;1.3;10;40;23132411;0
face_user_1_1333627709481;1.35;1;40;22738713;0
face_user_1_1333627709481;1.35;10;40;22828604;0
face_user_1_1333627709481;1.4;1;40;22821474;0
face_user_1_1333627709481;1.4;10;40;22561115;0
full_user_1_1333627706829;1.05;1;40;305299300;0
full_user_1_1333627706829;1.05;10;40;305418584;0
full_user_1_1333627706829;1.1;1;40;178126215;0
full_user_1_1333627706829;1.1;10;40;159283454;0
full_user_1_1333627706829;1.15;1;40;137676934;0
full_user_1_1333627706829;1.15;10;40;139480030;0
full_user_1_1333627706829;1.2;1;40;124776901;0
full_user_1_1333627706829;1.2;10;40;118333972;0
full_user_1_1333627706829;1.25;1;40;88820931;0
full_user_1_1333627706829;1.25;10;40;93113306;0
full_user_1_1333627706829;1.3;1;40;99902860;0
full_user_1_1333627706829;1.3;10;40;94245572;0
full_user_1_1333627706829;1.35;1;40;80680513;0
full_user_1_1333627706829;1.35;10;40;82839443;0
full_user_1_1333627706829;1.4;1;40;77095419;0
full_user_1_1333627706829;1.4;10;40;78989232;0
full_user_1_1333627711951;1.05;1;40;389661633;0
full_user_1_1333627711951;1.05;10;40;387494039;0
full_user_1_1333627711951;1.1;1;40;199053110;0
full_user_1_1333627711951;1.1;10;40;219455068;0
full_user_1_1333627711951;1.15;1;40;167689903;0
full_user_1_1333627711951;1.15;10;40;167962975;0
full_user_1_1333627711951;1.2;1;40;137632098;0
full_user_1_1333627711951;1.2;10;40;135923499;0
full_user_1_1333627711951;1.25;1;40;98691041;0
full_user_1_1333627711951;1.25;10;40;97947374;0
full_user_1_1333627711951;1.3;1;40;107837804;0
full_user_1_1333627711951;1.3;10;40;108297012;0
full_user_1_1333627711951;1.35;1;40;85963518;0
full_user_1_1333627711951;1.35;10;40;85727030;0
full_user_1_1333627711951;1.4;1;40;75784639;0
full_user_1_1333627711951;1.4;10;40;75475939;0
full_user_1_1333627713515;1.05;1;40;376644961;0
full_user_1_1333627713515;1.05;10;40;376334587;0
full_user_1_1333627713515;1.1;1;40;191097556;0
full_user_1_1333627713515;1.1;10;40;206460821;0
full_user_1_1333627713515;1.15;1;40;166370874;0
full_user_1_1333627713515;1.15;10;40;166616370;0
full_user_1_1333627713515;1.2;1;40;134339707;0
full_user_1_1333627713515;1.2;10;40;134715526;0
full_user_1_1333627713515;1.25;1;40;96856663;0
full_user_1_1333627713515;1.25;10;40;97088602;0
full_user_1_1333627713515;1.3;1;40;107844019;0
full_user_1_1333627713515;1.3;10;40;106977993;0
full_user_1_1333627713515;1.35;1;40;85809585;0
full_user_1_1333627713515;1.35;10;40;85401990;0
full_user_1_1333627713515;1.4;1;40;76701584;0
full_user_1_1333627713515;1.4;10;40;75553185;0
face_user_1_1333627711951;1.05;1;40;26747465;0
face_user_1_1333627711951;1.05;10;40;26672311;0
face_user_1_1333627711951;1.1;1;40;24167883;0
face_user_1_1333627711951;1.1;10;40;24907842;0
face_user_1_1333627711951;1.15;1;40;24395491;0
face_user_1_1333627711951;1.15;10;40;24560108;0
face_user_1_1333627711951;1.2;1;40;24033572;0
face_user_1_1333627711951;1.2;10;40;23987060;0
face_user_1_1333627711951;1.25;1;40;23894868;0
face_user_1_1333627711951;1.25;10;40;23058657;0
face_user_1_1333627711951;1.3;1;40;23647981;0
face_user_1_1333627711951;1.3;10;40;23686530;0
face_user_1_1333627711951;1.35;1;40;23509062;0
face_user_1_1333627711951;1.35;10;40;22765679;0
face_user_1_1333627711951;1.4;1;40;23889976;0
face_user_1_1333627711951;1.4;10;40;22929316;0
full_user_1_1333627702033;1.05;1;40;338622526;0
full_user_1_1333627702033;1.05;10;40;353361836;0
full_user_1_1333627702033;1.1;1;40;189912488;0
full_user_1_1333627702033;1.1;10;40;186519948;0
full_user_1_1333627702033;1.15;1;40;153217810;1
full_user_1_1333627702033;1.15;10;40;152174028;0
full_user_1_1333627702033;1.2;1;40;128473392;0
full_user_1_1333627702033;1.2;10;40;135400668;0
full_user_1_1333627702033;1.25;1;40;90207209;0
full_user_1_1333627702033;1.25;10;40;90010889;0
full_user_1_1333627702033;1.3;1;40;98398682;0
full_user_1_1333627702033;1.3;10;40;98364189;0
full_user_1_1333627702033;1.35;1;40;79809867;0
full_user_1_1333627702033;1.35;10;40;80348417;0
full_user_1_1333627702033;1.4;1;40;71941479;0
full_user_1_1333627702033;1.4;10;40;71701716;0
full_user_1_1333627715130;1.05;1;40;367777913;1
full_user_1_1333627715130;1.05;10;40;340632909;0
full_user_1_1333627715130;1.1;1;40;178801997;0
full_user_1_1333627715130;1.1;10;40;209798888;0
full_user_1_1333627715130;1.15;1;40;157639595;0
full_user_1_1333627715130;1.15;10;40;172577394;0
full_user_1_1333627715130;1.2;1;40;127184402;0
full_user_1_1333627715130;1.2;10;40;132887985;0
full_user_1_1333627715130;1.25;1;40;91698044;0
full_user_1_1333627715130;1.25;10;40;91002702;0
full_user_1_1333627715130;1.3;1;40;101580169;0
full_user_1_1333627715130;1.3;10;40;100084165;0
full_user_1_1333627715130;1.35;1;40;80635394;0
full_user_1_1333627715130;1.35;10;40;80479925;0
full_user_1_1333627715130;1.4;1;40;70321374;0
full_user_1_1333627715130;1.4;10;40;70655845;0
face_user_1_1333627715917;1.05;1;40;35809721;0
face_user_1_1333627715917;1.05;10;40;34586944;0
face_user_1_1333627715917;1.1;1;40;28191919;0
face_user_1_1333627715917;1.1;10;40;28069420;0
face_user_1_1333627715917;1.15;1;40;26939388;0
face_user_1_1333627715917;1.15;10;40;27884621;0
face_user_1_1333627715917;1.2;1;40;26334567;0
face_user_1_1333627715917;1.2;10;40;26230362;0
face_user_1_1333627715917;1.25;1;40;24749026;0
face_user_1_1333627715917;1.25;10;40;24822150;0
face_user_1_1333627715917;1.3;1;40;25141400;0
face_user_1_1333627715917;1.3;10;40;25072317;0
face_user_1_1333627715917;1.35;1;40;24309940;0
face_user_1_1333627715917;1.35;10;40;24439489;0
face_user_1_1333627715917;1.4;1;40;23797788;0
face_user_1_1333627715917;1.4;10;40;23849335;0
face_user_1_1333627702033;1.05;1;40;37052965;0
face_user_1_1333627702033;1.05;10;40;37184549;0
face_user_1_1333627702033;1.1;1;40;29499421;0
face_user_1_1333627702033;1.1;10;40;30745181;0
face_user_1_1333627702033;1.15;1;40;28508928;0
face_user_1_1333627702033;1.15;10;40;28425194;0
face_user_1_1333627702033;1.2;1;40;26897209;0
face_user_1_1333627702033;1.2;10;40;27003993;0
face_user_1_1333627702033;1.25;1;40;25601717;0
face_user_1_1333627702033;1.25;10;40;25509113;0
face_user_1_1333627702033;1.3;1;40;25553945;0
face_user_1_1333627702033;1.3;10;40;25796785;0
face_user_1_1333627702033;1.35;1;40;25376972;0
face_user_1_1333627702033;1.35;10;40;24876838;0
face_user_1_1333627702033;1.4;1;40;24501508;0
face_user_1_1333627702033;1.4;10;40;24397027;0
face_user_1_1333627705785;1.05;1;40;32890076;0
face_user_1_1333627705785;1.05;10;40;32539963;0
face_user_1_1333627705785;1.1;1;40;27366613;0
face_user_1_1333627705785;1.1;10;40;27478770;0
face_user_1_1333627705785;1.15;1;40;28934124;0
face_user_1_1333627705785;1.15;10;40;26639840;0
face_user_1_1333627705785;1.2;1;40;25442689;0
face_user_1_1333627705785;1.2;10;40;25633149;0
face_user_1_1333627705785;1.25;1;40;28385665;0
face_user_1_1333627705785;1.25;10;40;25301538;0
face_user_1_1333627705785;1.3;1;40;24705027;0
face_user_1_1333627705785;1.3;10;40;24862032;0
face_user_1_1333627705785;1.35;1;40;24194418;0
face_user_1_1333627705785;1.35;10;40;24101385;0
face_user_1_1333627705785;1.4;1;40;23754074;0
face_user_1_1333627705785;1.4;10;40;23785006;0
face_user_1_1333627712763;1.05;1;40;27091573;0
face_user_1_1333627712763;1.05;10;40;27042545;0
face_user_1_1333627712763;1.1;1;40;24792123;0
face_user_1_1333627712763;1.1;10;40;24669891;0
face_user_1_1333627712763;1.15;1;40;24035184;0
face_user_1_1333627712763;1.15;10;40;24101316;0
face_user_1_1333627712763;1.2;1;40;23459691;0
face_user_1_1333627712763;1.2;10;40;23747919;0
face_user_1_1333627712763;1.25;1;40;23340467;0
face_user_1_1333627712763;1.25;10;40;23092954;0
face_user_1_1333627712763;1.3;1;40;23187858;0
face_user_1_1333627712763;1.3;10;40;23198205;0
face_user_1_1333627712763;1.35;1;40;23192334;0
face_user_1_1333627712763;1.35;10;40;23131153;0
face_user_1_1333627712763;1.4;1;40;22731174;0
face_user_1_1333627712763;1.4;10;40;22732503;0
full_user_1_1333627705785;1.05;1;40;328034800;0
full_user_1_1333627705785;1.05;10;40;353024224;0
full_user_1_1333627705785;1.1;1;40;178364717;0
full_user_1_1333627705785;1.1;10;40;174429448;0
full_user_1_1333627705785;1.15;1;40;149631942;0
full_user_1_1333627705785;1.15;10;40;150353204;0
full_user_1_1333627705785;1.2;1;40;124047058;0
full_user_1_1333627705785;1.2;10;40;124542233;0
full_user_1_1333627705785;1.25;1;40;94155339;0
full_user_1_1333627705785;1.25;10;40;95101621;0
full_user_1_1333627705785;1.3;1;40;101784384;0
full_user_1_1333627705785;1.3;10;40;100132421;0
full_user_1_1333627705785;1.35;1;40;78228596;0
full_user_1_1333627705785;1.35;10;40;78771958;0
full_user_1_1333627705785;1.4;1;40;70078322;0
full_user_1_1333627705785;1.4;10;40;69449123;0
full_user_1_1333627716640;1.05;1;40;347309594;1
full_user_1_1333627716640;1.05;10;40;353424277;0
full_user_1_1333627716640;1.1;1;40;182838335;0
full_user_1_1333627716640;1.1;10;40;213109779;0
full_user_1_1333627716640;1.15;1;40;164379142;0
full_user_1_1333627716640;1.15;10;40;157086597;0
full_user_1_1333627716640;1.2;1;40;132880519;0
full_user_1_1333627716640;1.2;10;40;130624778;0
full_user_1_1333627716640;1.25;1;40;97697969;0
full_user_1_1333627716640;1.25;10;40;100376449;0
full_user_1_1333627716640;1.3;1;40;107539932;0
full_user_1_1333627716640;1.3;10;40;103859232;0
full_user_1_1333627716640;1.35;1;40;86780164;0
full_user_1_1333627716640;1.35;10;40;86757820;0
full_user_1_1333627716640;1.4;1;40;84563271;0
full_user_1_1333627716640;1.4;10;40;71372627;0
full_user_1_1333627708537;1.05;1;40;382519104;0
full_user_1_1333627708537;1.05;10;40;378284628;0
full_user_1_1333627708537;1.1;1;40;189918352;1
full_user_1_1333627708537;1.1;10;40;219826350;0
full_user_1_1333627708537;1.15;1;40;166601214;0
full_user_1_1333627708537;1.15;10;40;166634455;0
full_user_1_1333627708537;1.2;1;40;185591757;0
full_user_1_1333627708537;1.2;10;40;164906934;0
full_user_1_1333627708537;1.25;1;40;105382328;0
full_user_1_1333627708537;1.25;10;40;97632248;0
full_user_1_1333627708537;1.3;1;40;107338229;0
full_user_1_1333627708537;1.3;10;40;106164688;0
full_user_1_1333627708537;1.35;1;40;86233237;1
full_user_1_1333627708537;1.35;10;40;93636981;0
full_user_1_1333627708537;1.4;1;40;82632295;0
full_user_1_1333627708537;1.4;10;40;79564446;0
full_user_1_1333627710206;1.05;1;40;386641629;1
full_user_1_1333627710206;1.05;10;40;380476597;0
full_user_1_1333627710206;1.1;1;40;191456673;0
full_user_1_1333627710206;1.1;10;40;207558659;0
full_user_1_1333627710206;1.15;1;40;168104548;0
full_user_1_1333627710206;1.15;10;40;183685862;0
full_user_1_1333627710206;1.2;1;40;135725495;0
full_user_1_1333627710206;1.2;10;40;136500181;0
full_user_1_1333627710206;1.25;1;40;96805185;0
full_user_1_1333627710206;1.25;10;40;96891863;0
full_user_1_1333627710206;1.3;1;40;107934118;0
full_user_1_1333627710206;1.3;10;40;107467362;0
full_user_1_1333627710206;1.35;1;40;85415753;0
full_user_1_1333627710206;1.35;10;40;85295411;0
full_user_1_1333627710206;1.4;1;40;75609546;0
full_user_1_1333627710206;1.4;10;40;79551665;0
face_user_1_1333627706829;1.05;1;40;32735097;0
face_user_1_1333627706829;1.05;10;40;41586089;0
face_user_1_1333627706829;1.1;1;40;27134593;0
face_user_1_1333627706829;1.1;10;40;28154768;0
face_user_1_1333627706829;1.15;1;40;26617423;0
face_user_1_1333627706829;1.15;10;40;26349928;0
face_user_1_1333627706829;1.2;1;40;25185746;0
face_user_1_1333627706829;1.2;10;40;25168283;0
face_user_1_1333627706829;1.25;1;40;24288497;0
face_user_1_1333627706829;1.25;10;40;24250917;0
face_user_1_1333627706829;1.3;1;40;24595097;0
face_user_1_1333627706829;1.3;10;40;24398072;0
face_user_1_1333627706829;1.35;1;40;23991461;0
face_user_1_1333627706829;1.35;10;40;23889141;0
face_user_1_1333627706829;1.4;1;40;23440692;0
face_user_1_1333627706829;1.4;10;40;23550619;0
full_user_1_1333627709481;1.05;1;40;383720517;1
full_user_1_1333627709481;1.05;10;40;411020359;0
full_user_1_1333627709481;1.1;1;40;192782964;0
full_user_1_1333627709481;1.1;10;40;192586568;0
full_user_1_1333627709481;1.15;1;40;168592179;1
full_user_1_1333627709481;1.15;10;40;168942295;0
full_user_1_1333627709481;1.2;1;40;137987867;0
full_user_1_1333627709481;1.2;10;40;135975462;0
full_user_1_1333627709481;1.25;1;40;97768371;0
full_user_1_1333627709481;1.25;10;40;97386474;0
full_user_1_1333627709481;1.3;1;40;109141815;0
full_user_1_1333627709481;1.3;10;40;108850783;0
full_user_1_1333627709481;1.35;1;40;86162070;0
full_user_1_1333627709481;1.35;10;40;85557040;0
full_user_1_1333627709481;1.4;1;40;76038024;0
full_user_1_1333627709481;1.4;10;40;76174492;0
full_user_1_1333627714331;1.05;1;40;362661481;1
full_user_1_1333627714331;1.05;10;40;362110154;0
full_user_1_1333627714331;1.1;1;40;185862602;0
full_user_1_1333627714331;1.1;10;40;213216360;0
full_user_1_1333627714331;1.15;1;40;161118531;0
full_user_1_1333627714331;1.15;10;40;161649886;0
full_user_1_1333627714331;1.2;1;40;129975536;0
full_user_1_1333627714331;1.2;10;40;130150489;0
full_user_1_1333627714331;1.25;1;40;94472204;0
full_user_1_1333627714331;1.25;10;40;94313741;0
full_user_1_1333627714331;1.3;1;40;103506395;0
full_user_1_1333627714331;1.3;10;40;104325340;0
full_user_1_1333627714331;1.35;1;40;83510482;0
full_user_1_1333627714331;1.35;10;40;83492044;0
full_user_1_1333627714331;1.4;1;40;74028267;0
full_user_1_1333627714331;1.4;10;40;73689816;0
face_user_1_1333627715130;1.05;1;40;31983186;1
face_user_1_1333627715130;1.05;10;40;31584810;0
face_user_1_1333627715130;1.1;1;40;26988142;0
face_user_1_1333627715130;1.1;10;40;26859280;0
face_user_1_1333627715130;1.15;1;40;31994710;1
face_user_1_1333627715130;1.15;10;40;32702762;0
face_user_1_1333627715130;1.2;1;40;26346092;1
face_user_1_1333627715130;1.2;10;40;25273045;0
face_user_1_1333627715130;1.25;1;40;23998652;0
face_user_1_1333627715130;1.25;10;40;24466870;0
face_user_1_1333627715130;1.3;1;40;24381101;0
face_user_1_1333627715130;1.3;10;40;24395982;0
face_user_1_1333627715130;1.35;1;40;24030849;0
face_user_1_1333627715130;1.35;10;40;24269146;0
face_user_1_1333627715130;1.4;1;40;23569969;0
face_user_1_1333627715130;1.4;10;40;23467088;0
face_user_1_1333627708537;1.05;1;40;28232919;0
face_user_1_1333627708537;1.05;10;40;28603639;0
face_user_1_1333627708537;1.1;1;40;25372290;0
face_user_1_1333627708537;1.1;10;40;25925852;0
face_user_1_1333627708537;1.15;1;40;24875513;0
face_user_1_1333627708537;1.15;10;40;24515962;0
face_user_1_1333627708537;1.2;1;40;24337249;0
face_user_1_1333627708537;1.2;10;40;24151177;0
face_user_1_1333627708537;1.25;1;40;23562987;0
face_user_1_1333627708537;1.25;10;40;23718170;0
face_user_1_1333627708537;1.3;1;40;23578906;0
face_user_1_1333627708537;1.3;10;40;23630870;0
face_user_1_1333627708537;1.35;1;40;23238709;0
face_user_1_1333627708537;1.35;10;40;23207138;0
face_user_1_1333627708537;1.4;1;40;23209801;0
face_user_1_1333627708537;1.4;10;40;23276489;0
full_user_1_1333627712763;1.05;1;40;393957571;0
full_user_1_1333627712763;1.05;10;40;388029723;0
full_user_1_1333627712763;1.1;1;40;191598316;0
full_user_1_1333627712763;1.1;10;40;203987529;0
full_user_1_1333627712763;1.15;1;40;165950085;0
full_user_1_1333627712763;1.15;10;40;167468081;0
full_user_1_1333627712763;1.2;1;40;137161787;0
full_user_1_1333627712763;1.2;10;40;134040859;0
full_user_1_1333627712763;1.25;1;40;96754622;0
full_user_1_1333627712763;1.25;10;40;96831377;0
full_user_1_1333627712763;1.3;1;40;106462352;0
full_user_1_1333627712763;1.3;10;40;106478625;0
full_user_1_1333627712763;1.35;1;40;85158519;0
full_user_1_1333627712763;1.35;10;40;85515628;0
full_user_1_1333627712763;1.4;1;40;75514628;0
full_user_1_1333627712763;1.4;10;40;75311670;0
face_user_1_1333627707659;1.05;1;40;29621576;0
face_user_1_1333627707659;1.05;10;40;29779905;0
face_user_1_1333627707659;1.1;1;40;25918380;0
face_user_1_1333627707659;1.1;10;40;25628050;0
face_user_1_1333627707659;1.15;1;40;25100747;0
face_user_1_1333627707659;1.15;10;40;26121481;0
face_user_1_1333627707659;1.2;1;40;37822754;0
face_user_1_1333627707659;1.2;10;40;28944320;0
face_user_1_1333627707659;1.25;1;40;24611236;0
face_user_1_1333627707659;1.25;10;40;23789617;0
face_user_1_1333627707659;1.3;1;40;23869374;0
face_user_1_1333627707659;1.3;10;40;24049428;0
face_user_1_1333627707659;1.35;1;40;23613964;0
face_user_1_1333627707659;1.35;10;40;23308551;0
face_user_1_1333627707659;1.4;1;40;23246675;0
face_user_1_1333627707659;1.4;10;40;23347307;0
face_user_1_1333627710206;1.05;1;40;27897058;0
face_user_1_1333627710206;1.05;10;40;26767926;0
face_user_1_1333627710206;1.1;1;40;24286540;0
face_user_1_1333627710206;1.1;10;40;24350091;0
face_user_1_1333627710206;1.15;1;40;24022052;0
face_user_1_1333627710206;1.15;10;40;25113874;0
face_user_1_1333627710206;1.2;1;40;23586382;0
face_user_1_1333627710206;1.2;10;40;23711813;0
face_user_1_1333627710206;1.25;1;40;23110202;0
face_user_1_1333627710206;1.25;10;40;23122144;0
face_user_1_1333627710206;1.3;1;40;23186121;0
face_user_1_1333627710206;1.3;10;40;23099162;0
face_user_1_1333627710206;1.35;1;40;22808001;0
face_user_1_1333627710206;1.35;10;40;22747022;0
face_user_1_1333627710206;1.4;1;40;22835939;0
face_user_1_1333627710206;1.4;10;40;22746325;0
