full_user_1_1333627711157;1.05;2;40;714244315;1
full_user_1_1333627711157;1.05;3;40;597229088;1
full_user_1_1333627711157;1.1;2;40;285625145;1
full_user_1_1333627711157;1.1;3;40;293148100;1
full_user_1_1333627711157;1.15;2;40;241720547;1
full_user_1_1333627711157;1.15;3;40;247293391;1
full_user_1_1333627711157;1.2;2;40;194610430;0
full_user_1_1333627711157;1.2;3;40;195966888;0
full_user_1_1333627711157;1.25;2;40;145599313;0
full_user_1_1333627711157;1.25;3;40;145059647;0
full_user_1_1333627711157;1.3;2;40;148484804;0
full_user_1_1333627711157;1.3;3;40;143227428;0
full_user_1_1333627711157;1.35;2;40;117941186;0
full_user_1_1333627711157;1.35;3;40;125908188;0
full_user_1_1333627711157;1.4;2;40;100450347;0
full_user_1_1333627711157;1.4;3;40;101016964;0
face_user_1_1333627711157;1.05;2;40;46205526;0
face_user_1_1333627711157;1.05;3;40;43627546;0
face_user_1_1333627711157;1.1;2;40;38190054;0
face_user_1_1333627711157;1.1;3;40;38742144;0
face_user_1_1333627711157;1.15;2;40;39037366;0
face_user_1_1333627711157;1.15;3;40;39205264;0
face_user_1_1333627711157;1.2;2;40;37210878;0
face_user_1_1333627711157;1.2;3;40;31988357;0
face_user_1_1333627711157;1.25;2;40;30840723;0
face_user_1_1333627711157;1.25;3;40;31270807;0
face_user_1_1333627711157;1.3;2;40;32391200;0
face_user_1_1333627711157;1.3;3;40;33005174;0
face_user_1_1333627711157;1.35;2;40;32631172;0
face_user_1_1333627711157;1.35;3;40;34354300;0
face_user_1_1333627711157;1.4;2;40;33650436;0
face_user_1_1333627711157;1.4;3;40;35436563;0
full_user_1_1333627715917;1.05;2;40;534285614;1
full_user_1_1333627715917;1.05;3;40;483694610;1
full_user_1_1333627715917;1.1;2;40;244115119;0
full_user_1_1333627715917;1.1;3;40;255464405;0
full_user_1_1333627715917;1.15;2;40;200423945;1
full_user_1_1333627715917;1.15;3;40;200454612;0
full_user_1_1333627715917;1.2;2;40;163908761;0
full_user_1_1333627715917;1.2;3;40;164866219;0
full_user_1_1333627715917;1.25;2;40;124334802;0
full_user_1_1333627715917;1.25;3;40;124502913;0
full_user_1_1333627715917;1.3;2;40;131145377;0
full_user_1_1333627715917;1.3;3;40;127735030;0
full_user_1_1333627715917;1.35;2;40;102604878;0
full_user_1_1333627715917;1.35;3;40;102836959;0
full_user_1_1333627715917;1.4;2;40;87065399;0
full_user_1_1333627715917;1.4;3;40;88394905;0
full_user_1_1333627707659;1.05;2;40;495672318;0
full_user_1_1333627707659;1.05;3;40;492581563;0
full_user_1_1333627707659;1.1;2;40;258882432;0
full_user_1_1333627707659;1.1;3;40;250010282;0
full_user_1_1333627707659;1.15;2;40;204576505;0
full_user_1_1333627707659;1.15;3;40;205250403;0
full_user_1_1333627707659;1.2;2;40;167665177;0
full_user_1_1333627707659;1.2;3;40;169317618;0
full_user_1_1333627707659;1.25;2;40;124993827;0
full_user_1_1333627707659;1.25;3;40;126146422;0
full_user_1_1333627707659;1.3;2;40;131899173;0
full_user_1_1333627707659;1.3;3;40;133366122;0
full_user_1_1333627707659;1.35;2;40;108273754;0
full_user_1_1333627707659;1.35;3;40;103595295;0
full_user_1_1333627707659;1.4;2;40;86766901;0
full_user_1_1333627707659;1.4;3;40;88396228;0
face_user_1_1333627716640;1.05;2;40;38547708;0
face_user_1_1333627716640;1.05;3;40;38792717;0
face_user_1_1333627716640;1.1;2;40;35259506;0
face_user_1_1333627716640;1.1;3;40;35702309;0
face_user_1_1333627716640;1.15;2;40;36312018;0
face_user_1_1333627716640;1.15;3;40;36566386;0
face_user_1_1333627716640;1.2;2;40;36611286;0
face_user_1_1333627716640;1.2;3;40;36373338;0
face_user_1_1333627716640;1.25;2;40;34994119;0
face_user_1_1333627716640;1.25;3;40;29587350;0
face_user_1_1333627716640;1.3;2;40;30028959;0
face_user_1_1333627716640;1.3;3;40;30653967;0
face_user_1_1333627716640;1.35;2;40;30998007;0
face_user_1_1333627716640;1.35;3;40;31685593;0
face_user_1_1333627716640;1.4;2;40;31658635;0
face_user_1_1333627716640;1.4;3;40;32507487;0
face_user_1_1333627714331;1.05;2;40;44026127;1
face_user_1_1333627714331;1.05;3;40;44551619;0
face_user_1_1333627714331;1.1;2;40;38841528;1
face_user_1_1333627714331;1.1;3;40;39460121;1
face_user_1_1333627714331;1.15;2;40;39061529;0
face_user_1_1333627714331;1.15;3;40;38115390;0
face_user_1_1333627714331;1.2;2;40;32101778;0
face_user_1_1333627714331;1.2;3;40;32270303;0
face_user_1_1333627714331;1.25;2;40;31578598;0
face_user_1_1333627714331;1.25;3;40;32056593;0
face_user_1_1333627714331;1.3;2;40;32855222;0
face_user_1_1333627714331;1.3;3;40;33244660;0
face_user_1_1333627714331;1.35;2;40;36365310;0
face_user_1_1333627714331;1.35;3;40;34994255;0
face_user_1_1333627714331;1.4;2;40;34757771;0
face_user_1_1333627714331;1.4;3;40;36868303;0
face_user_1_1333627713515;1.05;2;40;45693314;1
face_user_1_1333627713515;1.05;3;40;45897875;1
face_user_1_1333627713515;1.1;2;40;39179773;1
face_user_1_1333627713515;1.1;3;40;33839429;1
face_user_1_1333627713515;1.15;2;40;33003990;1
face_user_1_1333627713515;1.15;3;40;33776081;1
face_user_1_1333627713515;1.2;2;40;32890912;0
face_user_1_1333627713515;1.2;3;40;33623761;0
face_user_1_1333627713515;1.25;2;40;33086540;1
face_user_1_1333627713515;1.25;3;40;33896633;1
face_user_1_1333627713515;1.3;2;40;34637506;1
face_user_1_1333627713515;1.3;3;40;35089449;0
face_user_1_1333627713515;1.35;2;40;34843885;0
face_user_1_1333627713515;1.35;3;40;35561505;0
face_user_1_1333627713515;1.4;2;40;35910295;0
face_user_1_1333627713515;1.4;3;40;34728715;0
face_user_1_1333627709481;1.05;2;40;34424278;0
face_user_1_1333627709481;1.05;3;40;34530300;0
face_user_1_1333627709481;1.1;2;40;32009934;0
face_user_1_1333627709481;1.1;3;40;32852081;0
face_user_1_1333627709481;1.15;2;40;32874855;0
face_user_1_1333627709481;1.15;3;40;33300184;0
face_user_1_1333627709481;1.2;2;40;33600430;0
face_user_1_1333627709481;1.2;3;40;33767144;0
face_user_1_1333627709481;1.25;2;40;33929940;0
face_user_1_1333627709481;1.25;3;40;34458715;0
face_user_1_1333627709481;1.3;2;40;35203428;0
face_user_1_1333627709481;1.3;3;40;35765093;0
face_user_1_1333627709481;1.35;2;40;34646028;0
face_user_1_1333627709481;1.35;3;40;30215782;0
face_user_1_1333627709481;1.4;2;40;30149362;0
face_user_1_1333627709481;1.4;3;40;30766207;0
full_user_1_1333627706829;1.05;2;40;458233966;1
full_user_1_1333627706829;1.05;3;40;464181650;1
full_user_1_1333627706829;1.1;2;40;238118198;1
full_user_1_1333627706829;1.1;3;40;239794390;1
full_user_1_1333627706829;1.15;2;40;204139159;0
full_user_1_1333627706829;1.15;3;40;200000924;0
full_user_1_1333627706829;1.2;2;40;155714842;0
full_user_1_1333627706829;1.2;3;40;156391326;0
full_user_1_1333627706829;1.25;2;40;115461397;0
full_user_1_1333627706829;1.25;3;40;118370568;0
full_user_1_1333627706829;1.3;2;40;123451664;0
full_user_1_1333627706829;1.3;3;40;125181145;0
full_user_1_1333627706829;1.35;2;40;108101523;0
full_user_1_1333627706829;1.35;3;40;109845254;0
full_user_1_1333627706829;1.4;2;40;87198098;0
full_user_1_1333627706829;1.4;3;40;82494011;0
full_user_1_1333627711951;1.05;2;40;542392019;1
full_user_1_1333627711951;1.05;3;40;549585602;1
full_user_1_1333627711951;1.1;2;40;273470461;1
full_user_1_1333627711951;1.1;3;40;283611623;1
full_user_1_1333627711951;1.15;2;40;234798012;1
full_user_1_1333627711951;1.15;3;40;240000072;0
full_user_1_1333627711951;1.2;2;40;186079457;1
full_user_1_1333627711951;1.2;3;40;181577697;1
full_user_1_1333627711951;1.25;2;40;126002821;0
full_user_1_1333627711951;1.25;3;40;133616435;0
full_user_1_1333627711951;1.3;2;40;139332454;0
full_user_1_1333627711951;1.3;3;40;140424633;0
full_user_1_1333627711951;1.35;2;40;119865796;0
full_user_1_1333627711951;1.35;3;40;119805458;0
full_user_1_1333627711951;1.4;2;40;101496429;0
full_user_1_1333627711951;1.4;3;40;96242407;0
full_user_1_1333627713515;1.05;2;40;543272854;1
full_user_1_1333627713515;1.05;3;40;577475667;1
full_user_1_1333627713515;1.1;2;40;274223350;1
full_user_1_1333627713515;1.1;3;40;271667439;1
full_user_1_1333627713515;1.15;2;40;218015713;1
full_user_1_1333627713515;1.15;3;40;227231899;0
full_user_1_1333627713515;1.2;2;40;180024218;1
full_user_1_1333627713515;1.2;3;40;170704525;1
full_user_1_1333627713515;1.25;2;40;119846665;1
full_user_1_1333627713515;1.25;3;40;120501565;0
full_user_1_1333627713515;1.3;2;40;126098791;0
full_user_1_1333627713515;1.3;3;40;128227477;0
full_user_1_1333627713515;1.35;2;40;111016145;0
full_user_1_1333627713515;1.35;3;40;112019337;0
full_user_1_1333627713515;1.4;2;40;96056559;0
full_user_1_1333627713515;1.4;3;40;95778870;0
face_user_1_1333627711951;1.05;2;40;40494887;0
face_user_1_1333627711951;1.05;3;40;35550188;0
face_user_1_1333627711951;1.1;2;40;31978720;0
face_user_1_1333627711951;1.1;3;40;32592831;0
face_user_1_1333627711951;1.15;2;40;32719103;1
face_user_1_1333627711951;1.15;3;40;33491974;0
face_user_1_1333627711951;1.2;2;40;33100786;0
face_user_1_1333627711951;1.2;3;40;33798222;0
face_user_1_1333627711951;1.25;2;40;33533036;0
face_user_1_1333627711951;1.25;3;40;34345007;0
face_user_1_1333627711951;1.3;2;40;36075959;0
face_user_1_1333627711951;1.3;3;40;36124634;0
face_user_1_1333627711951;1.35;2;40;35735133;0
face_user_1_1333627711951;1.35;3;40;34368056;0
face_user_1_1333627711951;1.4;2;40;29239963;0
face_user_1_1333627711951;1.4;3;40;29577088;0
full_user_1_1333627702033;1.05;2;40;538605923;1
full_user_1_1333627702033;1.05;3;40;497960249;1
full_user_1_1333627702033;1.1;2;40;262763019;1
full_user_1_1333627702033;1.1;3;40;261907607;1
full_user_1_1333627702033;1.15;2;40;218772024;0
full_user_1_1333627702033;1.15;3;40;222455455;0
full_user_1_1333627702033;1.2;2;40;176011067;0
full_user_1_1333627702033;1.2;3;40;171404689;0
full_user_1_1333627702033;1.25;2;40;125912168;0
full_user_1_1333627702033;1.25;3;40;128037864;0
full_user_1_1333627702033;1.3;2;40;133907949;0
full_user_1_1333627702033;1.3;3;40;134550281;0
full_user_1_1333627702033;1.35;2;40;116704921;0
full_user_1_1333627702033;1.35;3;40;118384606;0
full_user_1_1333627702033;1.4;2;40;97575887;0
full_user_1_1333627702033;1.4;3;40;91799382;0
full_user_1_1333627715130;1.05;2;40;481085620;1
full_user_1_1333627715130;1.05;3;40;511639714;1
full_user_1_1333627715130;1.1;2;40;290259463;1
full_user_1_1333627715130;1.1;3;40;247088750;1
full_user_1_1333627715130;1.15;2;40;206606647;1
full_user_1_1333627715130;1.15;3;40;214001165;1
full_user_1_1333627715130;1.2;2;40;179422117;1
full_user_1_1333627715130;1.2;3;40;172474308;1
full_user_1_1333627715130;1.25;2;40;124487761;1
full_user_1_1333627715130;1.25;3;40;130363576;0
full_user_1_1333627715130;1.3;2;40;128997340;0
full_user_1_1333627715130;1.3;3;40;129947253;0
full_user_1_1333627715130;1.35;2;40;111377078;1
full_user_1_1333627715130;1.35;3;40;115291894;0
full_user_1_1333627715130;1.4;2;40;95306533;0
full_user_1_1333627715130;1.4;3;40;94445669;0
face_user_1_1333627715917;1.05;2;40;54743972;0
face_user_1_1333627715917;1.05;3;40;76075107;0
face_user_1_1333627715917;1.1;2;40;37960485;0
face_user_1_1333627715917;1.1;3;40;38531504;0
face_user_1_1333627715917;1.15;2;40;38028440;0
face_user_1_1333627715917;1.15;3;40;37995403;0
face_user_1_1333627715917;1.2;2;40;36879133;0
face_user_1_1333627715917;1.2;3;40;37629087;0
face_user_1_1333627715917;1.25;2;40;35985233;0
face_user_1_1333627715917;1.25;3;40;36608915;0
face_user_1_1333627715917;1.3;2;40;37856491;0
face_user_1_1333627715917;1.3;3;40;38049183;0
face_user_1_1333627715917;1.35;2;40;37806130;0
face_user_1_1333627715917;1.35;3;40;37693483;0
face_user_1_1333627715917;1.4;2;40;36184907;0
face_user_1_1333627715917;1.4;3;40;30271731;0
face_user_1_1333627702033;1.05;2;40;54599747;0
face_user_1_1333627702033;1.05;3;40;49943155;0
face_user_1_1333627702033;1.1;2;40;39926093;0
face_user_1_1333627702033;1.1;3;40;40410030;0
face_user_1_1333627702033;1.15;2;40;39758198;0
face_user_1_1333627702033;1.15;3;40;40272925;0
face_user_1_1333627702033;1.2;2;40;38756117;0
face_user_1_1333627702033;1.2;3;40;39575565;0
face_user_1_1333627702033;1.25;2;40;37798168;0
face_user_1_1333627702033;1.25;3;40;38358162;0
face_user_1_1333627702033;1.3;2;40;38415638;0
face_user_1_1333627702033;1.3;3;40;38124403;0
face_user_1_1333627702033;1.35;2;40;31886734;0
face_user_1_1333627702033;1.35;3;40;32068886;0
face_user_1_1333627702033;1.4;2;40;32058335;0
face_user_1_1333627702033;1.4;3;40;32962778;0
face_user_1_1333627705785;1.05;2;40;47497450;0
face_user_1_1333627705785;1.05;3;40;48153750;0
face_user_1_1333627705785;1.1;2;40;40108944;0
face_user_1_1333627705785;1.1;3;40;40432654;0
face_user_1_1333627705785;1.15;2;40;39397886;0
face_user_1_1333627705785;1.15;3;40;39947050;0
face_user_1_1333627705785;1.2;2;40;39144153;0
face_user_1_1333627705785;1.2;3;40;39785718;0
face_user_1_1333627705785;1.25;2;40;37760809;0
face_user_1_1333627705785;1.25;3;40;37568949;0
face_user_1_1333627705785;1.3;2;40;31900568;0
face_user_1_1333627705785;1.3;3;40;32384144;0
face_user_1_1333627705785;1.35;2;40;32097864;0
face_user_1_1333627705785;1.35;3;40;32791327;0
face_user_1_1333627705785;1.4;2;40;32397971;0
face_user_1_1333627705785;1.4;3;40;32898246;0
face_user_1_1333627712763;1.05;2;40;39560130;0
face_user_1_1333627712763;1.05;3;40;40109498;0
face_user_1_1333627712763;1.1;2;40;36582303;0
face_user_1_1333627712763;1.1;3;40;37165623;0
face_user_1_1333627712763;1.15;2;40;36848749;0
face_user_1_1333627712763;1.15;3;40;37619869;0
face_user_1_1333627712763;1.2;2;40;35643917;0
face_user_1_1333627712763;1.2;3;40;30393951;0
face_user_1_1333627712763;1.25;2;40;30346595;0
face_user_1_1333627712763;1.25;3;40;30760822;0
face_user_1_1333627712763;1.3;2;40;31003178;0
face_user_1_1333627712763;1.3;3;40;32123287;0
face_user_1_1333627712763;1.35;2;40;31992966;0
face_user_1_1333627712763;1.35;3;40;32898944;0
face_user_1_1333627712763;1.4;2;40;32891409;0
face_user_1_1333627712763;1.4;3;40;33490710;0
full_user_1_1333627705785;1.05;2;40;493318038;1
full_user_1_1333627705785;1.05;3;40;482554454;1
full_user_1_1333627705785;1.1;2;40;243408399;1
full_user_1_1333627705785;1.1;3;40;237133439;1
full_user_1_1333627705785;1.15;2;40;202856801;1
full_user_1_1333627705785;1.15;3;40;205114208;0
full_user_1_1333627705785;1.2;2;40;169321530;0
full_user_1_1333627705785;1.2;3;40;167493020;0
full_user_1_1333627705785;1.25;2;40;124715721;0
full_user_1_1333627705785;1.25;3;40;129457872;0
full_user_1_1333627705785;1.3;2;40;133990015;0
full_user_1_1333627705785;1.3;3;40;124492851;0
full_user_1_1333627705785;1.35;2;40;106462285;0
full_user_1_1333627705785;1.35;3;40;108475244;0
full_user_1_1333627705785;1.4;2;40;91453672;0
full_user_1_1333627705785;1.4;3;40;93486751;0
full_user_1_1333627716640;1.05;2;40;466704393;1
full_user_1_1333627716640;1.05;3;40;464786549;1
full_user_1_1333627716640;1.1;2;40;237310064;1
full_user_1_1333627716640;1.1;3;40;227710594;1
full_user_1_1333627716640;1.15;2;40;190631017;1
full_user_1_1333627716640;1.15;3;40;192882419;1
full_user_1_1333627716640;1.2;2;40;152455210;1
full_user_1_1333627716640;1.2;3;40;157743594;1
full_user_1_1333627716640;1.25;2;40;121614343;1
full_user_1_1333627716640;1.25;3;40;117422193;0
full_user_1_1333627716640;1.3;2;40;126531382;1
full_user_1_1333627716640;1.3;3;40;125746995;1
full_user_1_1333627716640;1.35;2;40;98187556;1
full_user_1_1333627716640;1.35;3;40;102483355;1
full_user_1_1333627716640;1.4;2;40;88300545;1
full_user_1_1333627716640;1.4;3;40;89122718;0
full_user_1_1333627708537;1.05;2;40;528311596;0
full_user_1_1333627708537;1.05;3;40;525040023;0
full_user_1_1333627708537;1.1;2;40;274312953;0
full_user_1_1333627708537;1.1;3;40;267349784;0
full_user_1_1333627708537;1.15;2;40;216277153;0
full_user_1_1333627708537;1.15;3;40;217343908;0
full_user_1_1333627708537;1.2;2;40;177771072;0
full_user_1_1333627708537;1.2;3;40;180925450;0
full_user_1_1333627708537;1.25;2;40;131675960;0
full_user_1_1333627708537;1.25;3;40;133943502;0
full_user_1_1333627708537;1.3;2;40;139723566;0
full_user_1_1333627708537;1.3;3;40;141298556;0
full_user_1_1333627708537;1.35;2;40;114996675;0
full_user_1_1333627708537;1.35;3;40;110110163;0
full_user_1_1333627708537;1.4;2;40;89969957;0
full_user_1_1333627708537;1.4;3;40;93302995;0
full_user_1_1333627710206;1.05;2;40;547729567;1
full_user_1_1333627710206;1.05;3;40;567974599;1
full_user_1_1333627710206;1.1;2;40;276458691;1
full_user_1_1333627710206;1.1;3;40;279773708;0
full_user_1_1333627710206;1.15;2;40;226691606;1
full_user_1_1333627710206;1.15;3;40;224539099;1
full_user_1_1333627710206;1.2;2;40;182623434;1
full_user_1_1333627710206;1.2;3;40;179362893;0
full_user_1_1333627710206;1.25;2;40;129042804;0
full_user_1_1333627710206;1.25;3;40;132363133;0
full_user_1_1333627710206;1.3;2;40;142401487;0
full_user_1_1333627710206;1.3;3;40;143794124;0
full_user_1_1333627710206;1.35;2;40;120211236;0
full_user_1_1333627710206;1.35;3;40;113498933;0
full_user_1_1333627710206;1.4;2;40;87917044;0
full_user_1_1333627710206;1.4;3;40;88838112;0
face_user_1_1333627706829;1.05;2;40;43364240;0
face_user_1_1333627706829;1.05;3;40;44283846;0
face_user_1_1333627706829;1.1;2;40;37484305;0
face_user_1_1333627706829;1.1;3;40;40028487;0
face_user_1_1333627706829;1.15;2;40;48306981;0
face_user_1_1333627706829;1.15;3;40;42907131;0
face_user_1_1333627706829;1.2;2;40;37567138;0
face_user_1_1333627706829;1.2;3;40;38092695;0
face_user_1_1333627706829;1.25;2;40;37461749;0
face_user_1_1333627706829;1.25;3;40;36341351;0
face_user_1_1333627706829;1.3;2;40;31879752;0
face_user_1_1333627706829;1.3;3;40;31683358;0
face_user_1_1333627706829;1.35;2;40;31677144;0
face_user_1_1333627706829;1.35;3;40;32221764;0
face_user_1_1333627706829;1.4;2;40;32291467;0
face_user_1_1333627706829;1.4;3;40;32717777;0
full_user_1_1333627709481;1.05;2;40;538905192;1
full_user_1_1333627709481;1.05;3;40;532482236;1
full_user_1_1333627709481;1.1;2;40;271672469;1
full_user_1_1333627709481;1.1;3;40;267091088;1
full_user_1_1333627709481;1.15;2;40;219979512;1
full_user_1_1333627709481;1.15;3;40;219041260;1
full_user_1_1333627709481;1.2;2;40;178661545;1
full_user_1_1333627709481;1.2;3;40;180576591;1
full_user_1_1333627709481;1.25;2;40;130541808;1
full_user_1_1333627709481;1.25;3;40;132333304;0
full_user_1_1333627709481;1.3;2;40;139587862;1
full_user_1_1333627709481;1.3;3;40;140470726;0
full_user_1_1333627709481;1.35;2;40;113859382;1
full_user_1_1333627709481;1.35;3;40;108802177;1
full_user_1_1333627709481;1.4;2;40;97051100;1
full_user_1_1333627709481;1.4;3;40;92835128;1
full_user_1_1333627714331;1.05;2;40;519955854;1
full_user_1_1333627714331;1.05;3;40;511679802;0
full_user_1_1333627714331;1.1;2;40;263099448;1
full_user_1_1333627714331;1.1;3;40;265464556;1
full_user_1_1333627714331;1.15;2;40;217376314;1
full_user_1_1333627714331;1.15;3;40;210508051;1
full_user_1_1333627714331;1.2;2;40;171325489;0
full_user_1_1333627714331;1.2;3;40;173243468;0
full_user_1_1333627714331;1.25;2;40;128205616;0
full_user_1_1333627714331;1.25;3;40;130356174;0
full_user_1_1333627714331;1.3;2;40;134092539;1
full_user_1_1333627714331;1.3;3;40;135093784;0
full_user_1_1333627714331;1.35;2;40;118242829;0
full_user_1_1333627714331;1.35;3;40;118260572;0
full_user_1_1333627714331;1.4;2;40;87783228;0
full_user_1_1333627714331;1.4;3;40;88321913;0
face_user_1_1333627715130;1.05;2;40;43131878;0
face_user_1_1333627715130;1.05;3;40;44156807;0
face_user_1_1333627715130;1.1;2;40;37508332;0
face_user_1_1333627715130;1.1;3;40;38124542;0
face_user_1_1333627715130;1.15;2;40;37581802;0
face_user_1_1333627715130;1.15;3;40;37910340;0
face_user_1_1333627715130;1.2;2;40;37461605;0
face_user_1_1333627715130;1.2;3;40;38432262;0
face_user_1_1333627715130;1.25;2;40;37232807;0
face_user_1_1333627715130;1.25;3;40;41130650;0
face_user_1_1333627715130;1.3;2;40;39051197;0
face_user_1_1333627715130;1.3;3;40;40882431;0
face_user_1_1333627715130;1.35;2;40;36605212;0
face_user_1_1333627715130;1.35;3;40;32030471;0
face_user_1_1333627715130;1.4;2;40;32105973;0
face_user_1_1333627715130;1.4;3;40;33670968;0
face_user_1_1333627708537;1.05;2;40;40079538;0
face_user_1_1333627708537;1.05;3;40;41954150;0
face_user_1_1333627708537;1.1;2;40;37794680;0
face_user_1_1333627708537;1.1;3;40;38659734;0
face_user_1_1333627708537;1.15;2;40;37484167;0
face_user_1_1333627708537;1.15;3;40;37819539;0
face_user_1_1333627708537;1.2;2;40;36089021;0
face_user_1_1333627708537;1.2;3;40;30996401;0
face_user_1_1333627708537;1.25;2;40;30388287;0
face_user_1_1333627708537;1.25;3;40;31044107;0
face_user_1_1333627708537;1.3;2;40;31732176;0
face_user_1_1333627708537;1.3;3;40;32381627;0
face_user_1_1333627708537;1.35;2;40;32242862;0
face_user_1_1333627708537;1.35;3;40;32977719;0
face_user_1_1333627708537;1.4;2;40;33201509;0
face_user_1_1333627708537;1.4;3;40;33902422;0
full_user_1_1333627712763;1.05;2;40;535323729;1
full_user_1_1333627712763;1.05;3;40;512838540;1
full_user_1_1333627712763;1.1;2;40;256986656;1
full_user_1_1333627712763;1.1;3;40;273372614;0
full_user_1_1333627712763;1.15;2;40;217943149;0
full_user_1_1333627712763;1.15;3;40;218517937;0
full_user_1_1333627712763;1.2;2;40;178268275;0
full_user_1_1333627712763;1.2;3;40;179455291;0
full_user_1_1333627712763;1.25;2;40;131954627;0
full_user_1_1333627712763;1.25;3;40;134103576;0
full_user_1_1333627712763;1.3;2;40;133622301;0
full_user_1_1333627712763;1.3;3;40;129568572;0
full_user_1_1333627712763;1.35;2;40;108867193;0
full_user_1_1333627712763;1.35;3;40;110535150;0
full_user_1_1333627712763;1.4;2;40;92830449;0
full_user_1_1333627712763;1.4;3;40;94530946;0
face_user_1_1333627707659;1.05;2;40;42237635;0
face_user_1_1333627707659;1.05;3;40;43078520;0
face_user_1_1333627707659;1.1;2;40;37586765;0
face_user_1_1333627707659;1.1;3;40;38139418;0
face_user_1_1333627707659;1.15;2;40;37887495;0
face_user_1_1333627707659;1.15;3;40;36960638;0
face_user_1_1333627707659;1.2;2;40;31387791;0
face_user_1_1333627707659;1.2;3;40;31331005;0
face_user_1_1333627707659;1.25;2;40;31023154;0
face_user_1_1333627707659;1.25;3;40;31424526;0
face_user_1_1333627707659;1.3;2;40;32226440;0
face_user_1_1333627707659;1.3;3;40;32701021;0
face_user_1_1333627707659;1.35;2;40;32644235;0
face_user_1_1333627707659;1.35;3;40;33092549;0
face_user_1_1333627707659;1.4;2;40;39237524;0
face_user_1_1333627707659;1.4;3;40;41961274;0
face_user_1_1333627710206;1.05;2;40;47241765;1
face_user_1_1333627710206;1.05;3;40;57959745;1
face_user_1_1333627710206;1.1;2;40;41673037;1
face_user_1_1333627710206;1.1;3;40;53104238;1
face_user_1_1333627710206;1.15;2;40;50551889;1
face_user_1_1333627710206;1.15;3;40;36967129;1
face_user_1_1333627710206;1.2;2;40;35334453;1
face_user_1_1333627710206;1.2;3;40;35674088;0
face_user_1_1333627710206;1.25;2;40;38523406;0
face_user_1_1333627710206;1.25;3;40;33327840;0
face_user_1_1333627710206;1.3;2;40;43042900;0
face_user_1_1333627710206;1.3;3;40;37617637;0
face_user_1_1333627710206;1.35;2;40;33427920;0
face_user_1_1333627710206;1.35;3;40;33949644;0
face_user_1_1333627710206;1.4;2;40;34421904;0
face_user_1_1333627710206;1.4;3;40;33261984;0
full_user_1_1333627711157;1.05;1;40;689748462;1
full_user_1_1333627711157;1.05;10;40;631066843;0
full_user_1_1333627711157;1.1;1;40;289654570;1
full_user_1_1333627711157;1.1;10;40;289837974;0
full_user_1_1333627711157;1.15;1;40;235575841;1
full_user_1_1333627711157;1.15;10;40;233223232;0
full_user_1_1333627711157;1.2;1;40;193347213;0
full_user_1_1333627711157;1.2;10;40;191230812;0
full_user_1_1333627711157;1.25;1;40;134164199;0
full_user_1_1333627711157;1.25;10;40;132220513;0
full_user_1_1333627711157;1.3;1;40;141831585;0
full_user_1_1333627711157;1.3;10;40;144491628;0
full_user_1_1333627711157;1.35;1;40;115055690;1
full_user_1_1333627711157;1.35;10;40;116300476;0
full_user_1_1333627711157;1.4;1;40;97089792;0
full_user_1_1333627711157;1.4;10;40;101898712;0
face_user_1_1333627711157;1.05;1;40;37466916;0
face_user_1_1333627711157;1.05;10;40;38596247;0
face_user_1_1333627711157;1.1;1;40;31736999;0
face_user_1_1333627711157;1.1;10;40;33814706;0
face_user_1_1333627711157;1.15;1;40;31949939;0
face_user_1_1333627711157;1.15;10;40;31222968;0
face_user_1_1333627711157;1.2;1;40;31340227;0
face_user_1_1333627711157;1.2;10;40;32993860;0
face_user_1_1333627711157;1.25;1;40;29115505;0
face_user_1_1333627711157;1.25;10;40;29457096;0
face_user_1_1333627711157;1.3;1;40;29371892;0
face_user_1_1333627711157;1.3;10;40;29847373;0
face_user_1_1333627711157;1.35;1;40;29295690;0
face_user_1_1333627711157;1.35;10;40;29691207;0
face_user_1_1333627711157;1.4;1;40;29863160;0
face_user_1_1333627711157;1.4;10;40;31536548;0
full_user_1_1333627715917;1.05;1;40;567091182;1
full_user_1_1333627715917;1.05;10;40;501063090;0
full_user_1_1333627715917;1.1;1;40;264347444;1
full_user_1_1333627715917;1.1;10;40;247230811;0
full_user_1_1333627715917;1.15;1;40;211747524;1
full_user_1_1333627715917;1.15;10;40;204611912;0
full_user_1_1333627715917;1.2;1;40;165903639;0
full_user_1_1333627715917;1.2;10;40;167618520;0
full_user_1_1333627715917;1.25;1;40;127275895;0
full_user_1_1333627715917;1.25;10;40;125008427;0
full_user_1_1333627715917;1.3;1;40;125045300;0
full_user_1_1333627715917;1.3;10;40;134053845;0
full_user_1_1333627715917;1.35;1;40;109735817;0
full_user_1_1333627715917;1.35;10;40;111068940;0
full_user_1_1333627715917;1.4;1;40;89736271;0
full_user_1_1333627715917;1.4;10;40;89371909;0
full_user_1_1333627707659;1.05;1;40;571970154;1
full_user_1_1333627707659;1.05;10;40;522056473;0
full_user_1_1333627707659;1.1;1;40;265181766;0
full_user_1_1333627707659;1.1;10;40;257600986;0
full_user_1_1333627707659;1.15;1;40;223859053;0
full_user_1_1333627707659;1.15;10;40;227044232;0
full_user_1_1333627707659;1.2;1;40;184411234;1
full_user_1_1333627707659;1.2;10;40;181678480;0
full_user_1_1333627707659;1.25;1;40;185268253;0
full_user_1_1333627707659;1.25;10;40;144236989;0
full_user_1_1333627707659;1.3;1;40;134377422;0
full_user_1_1333627707659;1.3;10;40;126523491;0
full_user_1_1333627707659;1.35;1;40;103466717;0
full_user_1_1333627707659;1.35;10;40;103733025;0
full_user_1_1333627707659;1.4;1;40;87506797;0
full_user_1_1333627707659;1.4;10;40;86673871;0
face_user_1_1333627716640;1.05;1;40;35062282;0
face_user_1_1333627716640;1.05;10;40;34757977;0
face_user_1_1333627716640;1.1;1;40;30974472;0
face_user_1_1333627716640;1.1;10;40;31194398;0
face_user_1_1333627716640;1.15;1;40;30322151;0
face_user_1_1333627716640;1.15;10;40;30582034;0
face_user_1_1333627716640;1.2;1;40;30121148;0
face_user_1_1333627716640;1.2;10;40;29763284;0
face_user_1_1333627716640;1.25;1;40;28617396;0
face_user_1_1333627716640;1.25;10;40;28851575;0
face_user_1_1333627716640;1.3;1;40;28913591;0
face_user_1_1333627716640;1.3;10;40;28921346;0
face_user_1_1333627716640;1.35;1;40;28971419;0
face_user_1_1333627716640;1.35;10;40;28499573;0
face_user_1_1333627716640;1.4;1;40;28207498;0
face_user_1_1333627716640;1.4;10;40;28701907;0
face_user_1_1333627714331;1.05;1;40;39295848;1
face_user_1_1333627714331;1.05;10;40;39502578;0
face_user_1_1333627714331;1.1;1;40;33179709;1
face_user_1_1333627714331;1.1;10;40;32839583;0
face_user_1_1333627714331;1.15;1;40;31901194;1
face_user_1_1333627714331;1.15;10;40;32151853;0
face_user_1_1333627714331;1.2;1;40;30820115;0
face_user_1_1333627714331;1.2;10;40;31168773;0
face_user_1_1333627714331;1.25;1;40;29939981;0
face_user_1_1333627714331;1.25;10;40;29399406;0
face_user_1_1333627714331;1.3;1;40;30082108;0
face_user_1_1333627714331;1.3;10;40;29927617;0
face_user_1_1333627714331;1.35;1;40;28906611;0
face_user_1_1333627714331;1.35;10;40;29263707;0
face_user_1_1333627714331;1.4;1;40;28778237;0
face_user_1_1333627714331;1.4;10;40;28598751;0
face_user_1_1333627713515;1.05;1;40;48522649;1
face_user_1_1333627713515;1.05;10;40;41636859;0
face_user_1_1333627713515;1.1;1;40;37612330;1
face_user_1_1333627713515;1.1;10;40;33350884;0
face_user_1_1333627713515;1.15;1;40;32002607;1
face_user_1_1333627713515;1.15;10;40;31600802;0
face_user_1_1333627713515;1.2;1;40;30514217;1
face_user_1_1333627713515;1.2;10;40;30497663;0
face_user_1_1333627713515;1.25;1;40;29197637;1
face_user_1_1333627713515;1.25;10;40;29516602;0
face_user_1_1333627713515;1.3;1;40;29907926;1
face_user_1_1333627713515;1.3;10;40;29497046;0
face_user_1_1333627713515;1.35;1;40;28973798;1
face_user_1_1333627713515;1.35;10;40;29335996;0
face_user_1_1333627713515;1.4;1;40;28799749;1
face_user_1_1333627713515;1.4;10;40;30246374;0
face_user_1_1333627709481;1.05;1;40;33560554;0
face_user_1_1333627709481;1.05;10;40;33246822;0
face_user_1_1333627709481;1.1;1;40;30154326;0
face_user_1_1333627709481;1.1;10;40;30351205;0
face_user_1_1333627709481;1.15;1;40;29509129;0
face_user_1_1333627709481;1.15;10;40;29695398;0
face_user_1_1333627709481;1.2;1;40;29339554;0
face_user_1_1333627709481;1.2;10;40;29136247;0
face_user_1_1333627709481;1.25;1;40;28413946;0
face_user_1_1333627709481;1.25;10;40;28483858;0
face_user_1_1333627709481;1.3;1;40;28505093;0
face_user_1_1333627709481;1.3;10;40;28525343;0
face_user_1_1333627709481;1.35;1;40;28083740;0
face_user_1_1333627709481;1.35;10;40;27895588;0
face_user_1_1333627709481;1.4;1;40;28182076;0
face_user_1_1333627709481;1.4;10;40;28084295;0
full_user_1_1333627706829;1.05;1;40;510626388;1
full_user_1_1333627706829;1.05;10;40;469014597;0
full_user_1_1333627706829;1.1;1;40;236379155;1
full_user_1_1333627706829;1.1;10;40;238974664;0
full_user_1_1333627706829;1.15;1;40;200309687;1
full_user_1_1333627706829;1.15;10;40;198516657;0
full_user_1_1333627706829;1.2;1;40;162705467;0
full_user_1_1333627706829;1.2;10;40;166550649;0
full_user_1_1333627706829;1.25;1;40;118387466;0
full_user_1_1333627706829;1.25;10;40;122519984;0
full_user_1_1333627706829;1.3;1;40;125812854;0
full_user_1_1333627706829;1.3;10;40;126184065;0
full_user_1_1333627706829;1.35;1;40;108815303;0
full_user_1_1333627706829;1.35;10;40;121055478;0
full_user_1_1333627706829;1.4;1;40;95233761;0
full_user_1_1333627706829;1.4;10;40;91720319;0
full_user_1_1333627711951;1.05;1;40;551352095;1
full_user_1_1333627711951;1.05;10;40;574787269;0
full_user_1_1333627711951;1.1;1;40;277037953;1
full_user_1_1333627711951;1.1;10;40;279936507;0
full_user_1_1333627711951;1.15;1;40;230413377;1
full_user_1_1333627711951;1.15;10;40;230874679;0
full_user_1_1333627711951;1.2;1;40;193095017;1
full_user_1_1333627711951;1.2;10;40;188724837;0
full_user_1_1333627711951;1.25;1;40;131030136;0
full_user_1_1333627711951;1.25;10;40;131067853;0
full_user_1_1333627711951;1.3;1;40;154238400;0
full_user_1_1333627711951;1.3;10;40;146983566;0
full_user_1_1333627711951;1.35;1;40;115710875;0
full_user_1_1333627711951;1.35;10;40;118101400;0
full_user_1_1333627711951;1.4;1;40;99522083;0
full_user_1_1333627711951;1.4;10;40;101166494;0
full_user_1_1333627713515;1.05;1;40;537332924;1
full_user_1_1333627713515;1.05;10;40;523936599;0
full_user_1_1333627713515;1.1;1;40;260845951;1
full_user_1_1333627713515;1.1;10;40;252654893;0
full_user_1_1333627713515;1.15;1;40;211422901;1
full_user_1_1333627713515;1.15;10;40;208269921;0
full_user_1_1333627713515;1.2;1;40;168857644;1
full_user_1_1333627713515;1.2;10;40;173052102;0
full_user_1_1333627713515;1.25;1;40;124005923;1
full_user_1_1333627713515;1.25;10;40;125417488;0
full_user_1_1333627713515;1.3;1;40;130065419;1
full_user_1_1333627713515;1.3;10;40;131322427;0
full_user_1_1333627713515;1.35;1;40;109798530;0
full_user_1_1333627713515;1.35;10;40;110274357;0
full_user_1_1333627713515;1.4;1;40;91948986;0
full_user_1_1333627713515;1.4;10;40;93932054;0
face_user_1_1333627711951;1.05;1;40;35451439;0
face_user_1_1333627711951;1.05;10;40;35436352;0
face_user_1_1333627711951;1.1;1;40;30637135;0
face_user_1_1333627711951;1.1;10;40;30819351;0
face_user_1_1333627711951;1.15;1;40;30196438;1
face_user_1_1333627711951;1.15;10;40;31695301;0
face_user_1_1333627711951;1.2;1;40;33899424;0
face_user_1_1333627711951;1.2;10;40;29645529;0
face_user_1_1333627711951;1.25;1;40;28721248;0
face_user_1_1333627711951;1.25;10;40;30523714;0
face_user_1_1333627711951;1.3;1;40;28936920;0
face_user_1_1333627711951;1.3;10;40;28889915;0
face_user_1_1333627711951;1.35;1;40;28400404;0
face_user_1_1333627711951;1.35;10;40;28058038;0
face_user_1_1333627711951;1.4;1;40;28326364;0
face_user_1_1333627711951;1.4;10;40;28229221;0
full_user_1_1333627702033;1.05;1;40;504655442;1
full_user_1_1333627702033;1.05;10;40;506604366;0
full_user_1_1333627702033;1.1;1;40;260608420;1
full_user_1_1333627702033;1.1;10;40;252644208;0
full_user_1_1333627702033;1.15;1;40;216756610;1
full_user_1_1333627702033;1.15;10;40;211430516;0
full_user_1_1333627702033;1.2;1;40;169804206;0
full_user_1_1333627702033;1.2;10;40;181741058;0
full_user_1_1333627702033;1.25;1;40;127422557;0
full_user_1_1333627702033;1.25;10;40;124669063;0
full_user_1_1333627702033;1.3;1;40;130199241;0
full_user_1_1333627702033;1.3;10;40;129164054;0
full_user_1_1333627702033;1.35;1;40;108548506;0
full_user_1_1333627702033;1.35;10;40;108982997;0
full_user_1_1333627702033;1.4;1;40;90443483;0
full_user_1_1333627702033;1.4;10;40;90086107;0
full_user_1_1333627715130;1.05;1;40;473767371;1
full_user_1_1333627715130;1.05;10;40;469031433;0
full_user_1_1333627715130;1.1;1;40;266936948;1
full_user_1_1333627715130;1.1;10;40;239697525;0
full_user_1_1333627715130;1.15;1;40;200893074;1
full_user_1_1333627715130;1.15;10;40;199553520;0
full_user_1_1333627715130;1.2;1;40;160697600;0
full_user_1_1333627715130;1.2;10;40;160603799;0
full_user_1_1333627715130;1.25;1;40;119508356;0
full_user_1_1333627715130;1.25;10;40;119807903;0
full_user_1_1333627715130;1.3;1;40;123940901;0
full_user_1_1333627715130;1.3;10;40;123545461;0
full_user_1_1333627715130;1.35;1;40;104934014;1
full_user_1_1333627715130;1.35;10;40;104260603;0
full_user_1_1333627715130;1.4;1;40;86757891;0
full_user_1_1333627715130;1.4;10;40;86598861;0
face_user_1_1333627715917;1.05;1;40;48031667;0
face_user_1_1333627715917;1.05;10;40;46595382;0
face_user_1_1333627715917;1.1;1;40;36347006;0
face_user_1_1333627715917;1.1;10;40;36388847;0
face_user_1_1333627715917;1.15;1;40;34793180;0
face_user_1_1333627715917;1.15;10;40;35056766;0
face_user_1_1333627715917;1.2;1;40;34315954;0
face_user_1_1333627715917;1.2;10;40;34547481;0
face_user_1_1333627715917;1.25;1;40;33510965;0
face_user_1_1333627715917;1.25;10;40;32524877;0
face_user_1_1333627715917;1.3;1;40;31541789;0
face_user_1_1333627715917;1.3;10;40;31532291;0
face_user_1_1333627715917;1.35;1;40;30835207;0
face_user_1_1333627715917;1.35;10;40;30470911;0
face_user_1_1333627715917;1.4;1;40;29656983;0
face_user_1_1333627715917;1.4;10;40;29708530;0
face_user_1_1333627702033;1.05;1;40;47743292;0
face_user_1_1333627702033;1.05;10;40;49557840;0
face_user_1_1333627702033;1.1;1;40;37798378;0
face_user_1_1333627702033;1.1;10;40;47327807;0
face_user_1_1333627702033;1.15;1;40;39990282;0
face_user_1_1333627702033;1.15;10;40;38182510;0
face_user_1_1333627702033;1.2;1;40;35904425;0
face_user_1_1333627702033;1.2;10;40;35581411;0
face_user_1_1333627702033;1.25;1;40;32924860;0
face_user_1_1333627702033;1.25;10;40;31513505;0
face_user_1_1333627702033;1.3;1;40;31644104;0
face_user_1_1333627702033;1.3;10;40;31498701;0
face_user_1_1333627702033;1.35;1;40;30770673;0
face_user_1_1333627702033;1.35;10;40;30618699;0
face_user_1_1333627702033;1.4;1;40;30128132;0
face_user_1_1333627702033;1.4;10;40;30131416;0
face_user_1_1333627705785;1.05;1;40;44481914;0
face_user_1_1333627705785;1.05;10;40;44314365;0
face_user_1_1333627705785;1.1;1;40;35766559;0
face_user_1_1333627705785;1.1;10;40;35472529;0
face_user_1_1333627705785;1.15;1;40;33682635;0
face_user_1_1333627705785;1.15;10;40;33891879;0
face_user_1_1333627705785;1.2;1;40;32288041;0
face_user_1_1333627705785;1.2;10;40;32414112;0
face_user_1_1333627705785;1.25;1;40;30743850;0
face_user_1_1333627705785;1.25;10;40;30850434;0
face_user_1_1333627705785;1.3;1;40;30901065;0
face_user_1_1333627705785;1.3;10;40;31171702;0
face_user_1_1333627705785;1.35;1;40;30167804;0
face_user_1_1333627705785;1.35;10;40;30099986;0
face_user_1_1333627705785;1.4;1;40;29306802;0
face_user_1_1333627705785;1.4;10;40;29132686;0
face_user_1_1333627712763;1.05;1;40;35029523;0
face_user_1_1333627712763;1.05;10;40;35209855;0
face_user_1_1333627712763;1.1;1;40;30854061;0
face_user_1_1333627712763;1.1;10;40;30936476;0
face_user_1_1333627712763;1.15;1;40;30211177;0
face_user_1_1333627712763;1.15;10;40;30142939;0
face_user_1_1333627712763;1.2;1;40;29573034;0
face_user_1_1333627712763;1.2;10;40;29638193;0
face_user_1_1333627712763;1.25;1;40;28593583;0
face_user_1_1333627712763;1.25;10;40;28834671;0
face_user_1_1333627712763;1.3;1;40;28842285;0
face_user_1_1333627712763;1.3;10;40;28737384;0
face_user_1_1333627712763;1.35;1;40;28636045;0
face_user_1_1333627712763;1.35;10;40;28826573;0
face_user_1_1333627712763;1.4;1;40;27905849;0
face_user_1_1333627712763;1.4;10;40;29000824;0
full_user_1_1333627705785;1.05;1;40;516910702;1
full_user_1_1333627705785;1.05;10;40;467601221;1
full_user_1_1333627705785;1.1;1;40;252870703;1
full_user_1_1333627705785;1.1;10;40;237251327;0
full_user_1_1333627705785;1.15;1;40;200214778;1
full_user_1_1333627705785;1.15;10;40;200414523;0
full_user_1_1333627705785;1.2;1;40;162686959;0
full_user_1_1333627705785;1.2;10;40;159485784;0
full_user_1_1333627705785;1.25;1;40;119482302;0
full_user_1_1333627705785;1.25;10;40;118776486;0
full_user_1_1333627705785;1.3;1;40;123063555;0
full_user_1_1333627705785;1.3;10;40;122489530;0
full_user_1_1333627705785;1.35;1;40;104086278;0
full_user_1_1333627705785;1.35;10;40;104484863;0
full_user_1_1333627705785;1.4;1;40;86886613;1
full_user_1_1333627705785;1.4;10;40;86532794;0
full_user_1_1333627716640;1.05;1;40;459734997;1
full_user_1_1333627716640;1.05;10;40;486066207;1
full_user_1_1333627716640;1.1;1;40;232111566;1
full_user_1_1333627716640;1.1;10;40;230306104;0
full_user_1_1333627716640;1.15;1;40;195381340;1
full_user_1_1333627716640;1.15;10;40;195753313;0
full_user_1_1333627716640;1.2;1;40;163161394;1
full_user_1_1333627716640;1.2;10;40;155997563;0
full_user_1_1333627716640;1.25;1;40;114000529;1
full_user_1_1333627716640;1.25;10;40;112821610;0
full_user_1_1333627716640;1.3;1;40;119773678;1
full_user_1_1333627716640;1.3;10;40;118798764;0
full_user_1_1333627716640;1.35;1;40;100592888;1
full_user_1_1333627716640;1.35;10;40;99673988;0
full_user_1_1333627716640;1.4;1;40;83419825;1
full_user_1_1333627716640;1.4;10;40;84161682;0
full_user_1_1333627708537;1.05;1;40;522299172;0
full_user_1_1333627708537;1.05;10;40;548240667;0
full_user_1_1333627708537;1.1;1;40;269016541;0
full_user_1_1333627708537;1.1;10;40;266129164;0
full_user_1_1333627708537;1.15;1;40;220143846;0
full_user_1_1333627708537;1.15;10;40;222371503;0
full_user_1_1333627708537;1.2;1;40;178331060;0
full_user_1_1333627708537;1.2;10;40;178299277;0
full_user_1_1333627708537;1.25;1;40;129748132;0
full_user_1_1333627708537;1.25;10;40;130836681;0
full_user_1_1333627708537;1.3;1;40;134307651;0
full_user_1_1333627708537;1.3;10;40;134564951;0
full_user_1_1333627708537;1.35;1;40;115127626;0
full_user_1_1333627708537;1.35;10;40;116420881;0
full_user_1_1333627708537;1.4;1;40;92645927;0
full_user_1_1333627708537;1.4;10;40;92750135;0
full_user_1_1333627710206;1.05;1;40;556938420;1
full_user_1_1333627710206;1.05;10;40;589936194;0
full_user_1_1333627710206;1.1;1;40;272900624;1
full_user_1_1333627710206;1.1;10;40;275882987;0
full_user_1_1333627710206;1.15;1;40;228224343;1
full_user_1_1333627710206;1.15;10;40;225090073;0
full_user_1_1333627710206;1.2;1;40;185227678;1
full_user_1_1333627710206;1.2;10;40;189612449;0
full_user_1_1333627710206;1.25;1;40;127710236;1
full_user_1_1333627710206;1.25;10;40;126816408;0
full_user_1_1333627710206;1.3;1;40;137962864;0
full_user_1_1333627710206;1.3;10;40;137804956;0
full_user_1_1333627710206;1.35;1;40;111802482;1
full_user_1_1333627710206;1.35;10;40;111694093;0
full_user_1_1333627710206;1.4;1;40;93451339;0
full_user_1_1333627710206;1.4;10;40;90795415;0
face_user_1_1333627706829;1.05;1;40;41110812;0
face_user_1_1333627706829;1.05;10;40;40806589;0
face_user_1_1333627706829;1.1;1;40;33706729;0
face_user_1_1333627706829;1.1;10;40;33649389;0
face_user_1_1333627706829;1.15;1;40;35480003;0
face_user_1_1333627706829;1.15;10;40;35770890;0
face_user_1_1333627706829;1.2;1;40;31718837;0
face_user_1_1333627706829;1.2;10;40;33791168;0
face_user_1_1333627706829;1.25;1;40;30769209;0
face_user_1_1333627706829;1.25;10;40;30134418;0
face_user_1_1333627706829;1.3;1;40;30402677;0
face_user_1_1333627706829;1.3;10;40;30375442;0
face_user_1_1333627706829;1.35;1;40;29826350;0
face_user_1_1333627706829;1.35;10;40;29712719;0
face_user_1_1333627706829;1.4;1;40;29126955;1
face_user_1_1333627706829;1.4;10;40;29115226;0
full_user_1_1333627709481;1.05;1;40;537594689;1
full_user_1_1333627709481;1.05;10;40;539592569;1
full_user_1_1333627709481;1.1;1;40;266993659;1
full_user_1_1333627709481;1.1;10;40;275416305;1
full_user_1_1333627709481;1.15;1;40;223245709;1
full_user_1_1333627709481;1.15;10;40;223275602;0
full_user_1_1333627709481;1.2;1;40;178942027;1
full_user_1_1333627709481;1.2;10;40;179469890;0
full_user_1_1333627709481;1.25;1;40;128947052;1
full_user_1_1333627709481;1.25;10;40;129081431;0
full_user_1_1333627709481;1.3;1;40;133080330;1
full_user_1_1333627709481;1.3;10;40;133331063;0
full_user_1_1333627709481;1.35;1;40;112384056;1
full_user_1_1333627709481;1.35;10;40;111870444;0
full_user_1_1333627709481;1.4;1;40;92473908;1
full_user_1_1333627709481;1.4;10;40;92570289;0
full_user_1_1333627714331;1.05;1;40;512237204;1
full_user_1_1333627714331;1.05;10;40;541684383;0
full_user_1_1333627714331;1.1;1;40;258697704;1
full_user_1_1333627714331;1.1;10;40;258017519;0
full_user_1_1333627714331;1.15;1;40;214114796;1
full_user_1_1333627714331;1.15;10;40;213904436;0
full_user_1_1333627714331;1.2;1;40;174678217;0
full_user_1_1333627714331;1.2;10;40;175388157;0
full_user_1_1333627714331;1.25;1;40;127616856;0
full_user_1_1333627714331;1.25;10;40;127378137;0
full_user_1_1333627714331;1.3;1;40;130551939;1
full_user_1_1333627714331;1.3;10;40;133799698;0
full_user_1_1333627714331;1.35;1;40;111743678;0
full_user_1_1333627714331;1.35;10;40;111798293;0
full_user_1_1333627714331;1.4;1;40;90976725;0
full_user_1_1333627714331;1.4;10;40;90925319;0
face_user_1_1333627715130;1.05;1;40;40879639;0
face_user_1_1333627715130;1.05;10;40;40486431;0
face_user_1_1333627715130;1.1;1;40;33674045;0
face_user_1_1333627715130;1.1;10;40;33992730;0
face_user_1_1333627715130;1.15;1;40;32155627;0
face_user_1_1333627715130;1.15;10;40;32304595;0
face_user_1_1333627715130;1.2;1;40;31558132;0
face_user_1_1333627715130;1.2;10;40;31237215;0
face_user_1_1333627715130;1.25;1;40;29876772;0
face_user_1_1333627715130;1.25;10;40;29972877;0
face_user_1_1333627715130;1.3;1;40;29845970;0
face_user_1_1333627715130;1.3;10;40;30177514;0
face_user_1_1333627715130;1.35;1;40;29826206;0
face_user_1_1333627715130;1.35;10;40;29500682;0
face_user_1_1333627715130;1.4;1;40;32503294;0
face_user_1_1333627715130;1.4;10;40;29978117;0
face_user_1_1333627708537;1.05;1;40;35872021;0
face_user_1_1333627708537;1.05;10;40;38018868;0
face_user_1_1333627708537;1.1;1;40;31504219;0
face_user_1_1333627708537;1.1;10;40;31013369;0
face_user_1_1333627708537;1.15;1;40;30517081;0
face_user_1_1333627708537;1.15;10;40;30562053;0
face_user_1_1333627708537;1.2;1;40;30117938;0
face_user_1_1333627708537;1.2;10;40;29810074;0
face_user_1_1333627708537;1.25;1;40;29068154;0
face_user_1_1333627708537;1.25;10;40;29014579;0
face_user_1_1333627708537;1.3;1;40;29027507;0
face_user_1_1333627708537;1.3;10;40;29295204;0
face_user_1_1333627708537;1.35;1;40;28317429;0
face_user_1_1333627708537;1.35;10;40;28543855;0
face_user_1_1333627708537;1.4;1;40;28578771;0
face_user_1_1333627708537;1.4;10;40;28216929;0
full_user_1_1333627712763;1.05;1;40;530806674;1
full_user_1_1333627712763;1.05;10;40;523944208;0
full_user_1_1333627712763;1.1;1;40;259909452;1
full_user_1_1333627712763;1.1;10;40;262951175;0
full_user_1_1333627712763;1.15;1;40;218152670;1
full_user_1_1333627712763;1.15;10;40;218053005;0
full_user_1_1333627712763;1.2;1;40;186869156;1
full_user_1_1333627712763;1.2;10;40;176242736;0
full_user_1_1333627712763;1.25;1;40;127988899;0
full_user_1_1333627712763;1.25;10;40;127860743;0
full_user_1_1333627712763;1.3;1;40;132346927;0
full_user_1_1333627712763;1.3;10;40;133609798;0
full_user_1_1333627712763;1.35;1;40;111090386;0
full_user_1_1333627712763;1.35;10;40;110647941;0
full_user_1_1333627712763;1.4;1;40;91675970;1
full_user_1_1333627712763;1.4;10;40;90996417;0
face_user_1_1333627707659;1.05;1;40;37698021;0
face_user_1_1333627707659;1.05;10;40;39695758;0
face_user_1_1333627707659;1.1;1;40;31948618;0
face_user_1_1333627707659;1.1;10;40;32023345;0
face_user_1_1333627707659;1.15;1;40;31501562;0
face_user_1_1333627707659;1.15;10;40;31550452;0
face_user_1_1333627707659;1.2;1;40;30327179;0
face_user_1_1333627707659;1.2;10;40;29939004;0
face_user_1_1333627707659;1.25;1;40;29187927;0
face_user_1_1333627707659;1.25;10;40;29479240;0
face_user_1_1333627707659;1.3;1;40;29255536;0
face_user_1_1333627707659;1.3;10;40;29385929;0
face_user_1_1333627707659;1.35;1;40;29059493;0
face_user_1_1333627707659;1.35;10;40;28543222;0
face_user_1_1333627707659;1.4;1;40;28417723;0
face_user_1_1333627707659;1.4;10;40;28645960;0
face_user_1_1333627710206;1.05;1;40;34883766;1
face_user_1_1333627710206;1.05;10;40;34439159;1
face_user_1_1333627710206;1.1;1;40;30444933;1
face_user_1_1333627710206;1.1;10;40;30322009;0
face_user_1_1333627710206;1.15;1;40;30015132;1
face_user_1_1333627710206;1.15;10;40;30275077;0
face_user_1_1333627710206;1.2;1;40;29434611;1
face_user_1_1333627710206;1.2;10;40;29375102;0
face_user_1_1333627710206;1.25;1;40;28463956;0
face_user_1_1333627710206;1.25;10;40;28308907;0
face_user_1_1333627710206;1.3;1;40;28693102;1
face_user_1_1333627710206;1.3;10;40;28704561;0
face_user_1_1333627710206;1.35;1;40;27927292;0
face_user_1_1333627710206;1.35;10;40;30450102;0
face_user_1_1333627710206;1.4;1;40;31950851;0
face_user_1_1333627710206;1.4;10;40;27880151;0
